バージョン,タイトル,NORMAL EXスコア,NORMAL DJName,NORMAL 都道府県,HYPER EXスコア,HYPER DJName,HYPER 都道府県,ANOTHER EXスコア,ANOTHER DJName,ANOTHER 都道府県
1st&substream,THE EARTH LIGHT,682,RH,秋田県,985,KANI,秋田県,1117,AJI.,秋田県
1st&substream,RUGGED ASH,362,HARUNA,秋田県,390,POKEGO,秋田県,1037,CRUISE,秋田県
1st&substream,R3,561,KKR,秋田県,697,POKEGO,秋田県,863,JK7KD4,秋田県
1st&substream,PARANOIA MAX～DIRTY MIX～,495,RH,秋田県,743,AJI.,秋田県,1063,TOROKU,秋田県
1st&substream,Macho Gang,362,180106,秋田県,1053,AJI.,秋田県,1583,Y.I.,秋田県
1st&substream,KEEP ON MOVIN',189,TOROKU,秋田県,236,HAPICO,秋田県,0,,未設定
1st&substream,GRADIUSIC CYBER,0,,未設定,976,AJI.,秋田県,1169,CRUISE,秋田県
1st&substream,GENOM SCREAMS,243,LAM,秋田県,806,AJI.,秋田県,1018,EOTOKO,秋田県
1st&substream,GAMBOL,268,MGR*,秋田県,271,KOB.CB,秋田県,0,,未設定
1st&substream,Dr.LOVE,381,YUTO,秋田県,499,HARUNA,秋田県,562,EOTOKO,秋田県
1st&substream,deep in you,448,RH,秋田県,499,AJI.,秋田県,633,EOTOKO,秋田県
1st&substream,BRILLIANT 2U,487,RH,秋田県,639,AJI.,秋田県,688,HAPICO,秋田県
1st&substream,5.1.1.,193,KOB.CB,秋田県,974,HARUNA,秋田県,1526,AOTA,秋田県
1st&substream,22DUNK,458,RH,秋田県,603,KANI,秋田県,641,5INKYO,秋田県
2nd style,SP-TRIP MACHINE(for beatmania II),492,AU-MIN,秋田県,613,-GEAR-,秋田県,636,POKEGO,秋田県
2nd style,PUT YOUR FAITH IN ME(for beatmania II),547,HARUNA,秋田県,827,EOTOKO,秋田県,0,,未設定
2nd style,Indigo Vision(full flavour hide around mix),770,OKASHI,秋田県,1087,AJI.,秋田県,1169,-GEAR-,秋田県
2nd style,I Was The One,518,AKAMA,秋田県,606,TORU.K,秋田県,662,AZSA.M,秋田県
2nd style,Electro Tuned(the SubS mix),699,ABFRYA,秋田県,934,AJI.,秋田県,1036,-GEAR-,秋田県
2nd style,Digital MinD(A/T Libra mix),656,RH,秋田県,1040,AJI.,秋田県,1077,CRUISE,秋田県
2nd style,Dancin' Into The Night,264,IEBORI,秋田県,455,HAPICO,秋田県,0,,未設定
2nd style,.59,663,EULECA,秋田県,974,HARUNA,秋田県,1094,HARUNA,秋田県
3rd style,THE SAFARI,961,RH,秋田県,1684,Y.I.,秋田県,0,,未設定
3rd style,Tangerine Stream,272,MAFUTU,秋田県,386,B.ROSE,秋田県,0,,未設定
3rd style,Skyscraper,628,ZOO,秋田県,1179,AJI.,秋田県,1191,JK7KD4,秋田県
3rd style,Schlagwerk,774,KANI,秋田県,1281,HARUNA,秋田県,1650,EOTOKO,秋田県
3rd style,REINCARNATION,591,KEOGH,秋田県,1006,-GEAR-,秋田県,1244,CRUISE,秋田県
3rd style,R5,721,OGA8RA,秋田県,1145,POKEGO,秋田県,1723,HARUNA,秋田県
3rd style,Presto,518,HARUNA,秋田県,953,AJI.,秋田県,982,CRUISE,秋田県
3rd style,LEADING CYBER,0,,未設定,1161,HARUNA,秋田県,1186,EOTOKO,秋田県
3rd style,Holic,623,ZOO,秋田県,1195,AJI.,秋田県,1640,Y.I.,秋田県
3rd style,era (nostalmix),607,ITK,秋田県,1055,AJI.,秋田県,1457,Y.I.,秋田県
3rd style,Don't Stop!,726,OGA8RA,秋田県,819,NYA.C,秋田県,884,POKEGO,秋田県
3rd style,CAN'T STOP FALLIN'IN LOVE,538,MIYA,秋田県,1194,EOTOKO,秋田県,0,,未設定
4th style,Voltage (feat. Hidemaru),880,AKAMA,秋田県,1172,AJI.,秋田県,1258,MGR*,秋田県
4th style,ULTRA HIGH-HEELS,594,WELCH,秋田県,879,HARUNA,秋田県,970,EOTOKO,秋田県
4th style,SWEET LAB,436,SHUN-X,秋田県,934,HARUNA,秋田県,1235,EOTOKO,秋田県
4th style,starmine,861,AKAMA,秋田県,1384,AJI.,秋田県,1502,HARUNA,秋田県
4th style,Nasty!,407,OINARI,秋田県,925,AJI.,秋田県,1483,EOTOKO,秋田県
4th style,Mr.T.(take me higher),490,OINARI,秋田県,997,AJI.,秋田県,1663,HARUNA,秋田県
4th style,minimalian,426,MIYA,秋田県,1067,AJI.,秋田県,1347,AAAAAA,秋田県
4th style,LOVE WILL・・・,532,CAMINO,秋田県,734,HARUNA,秋田県,1414,JK7KD4,秋田県
4th style,KAMIKAZE,1011,SIXA,秋田県,1436,KOB.CB,秋田県,2228,Y.I.,秋田県
4th style,Jam&Marmalade,756,EOTOKO,秋田県,871,AJI.,秋田県,979,-GEAR-,秋田県
4th style,Hitch Hiker2,478,A-NE,秋田県,1170,HARUNA,秋田県,1282,-GEAR-,秋田県
4th style,HIGHER,507,AKAMA,秋田県,925,AJI.,秋田県,1234,JK7KD4,秋田県
4th style,FLOWERS for ALBION,231,2*RAMI,秋田県,412,NYA.C,秋田県,0,,未設定
4th style,era (step mix),1044,HARUNA,秋田県,1380,AJI.,秋田県,1589,EOTOKO,秋田県
4th style,empathy,794,HARUNA,秋田県,1320,AJI.,秋田県,1387,EOTOKO,秋田県
4th style,DXY!,1092,YUTO,秋田県,1782,AJI.,秋田県,2150,Y.I.,秋田県
4th style,Clione†,0,,未設定,0,,未設定,2029,EOTOKO,秋田県
4th style,Clione,512,HARUNA,秋田県,924,HARUNA,秋田県,1549,Y.I.,秋田県
4th style,CHECKING YOU OUT,569,GGAOS,秋田県,828,-GEAR-,秋田県,1257,Y.I.,秋田県
4th style,Burnin' The Floor,405,AKAMA,秋田県,930,AJI.,秋田県,1386,CRUISE,秋田県
4th style,Broken My Heart,906,SIXA,秋田県,1422,AJI.,秋田県,1750,300036,秋田県
4th style,B4U,1014,SIXA,秋田県,1501,AJI.,秋田県,1900,AOTA,秋田県
4th style,ABSOLUTE†,0,,未設定,0,,未設定,2643,TOROKU,秋田県
4th style,ABSOLUTE,1302,HARUNA,秋田県,1752,KOB.CB,秋田県,2269,AOTA,秋田県
4th style,250bpm,544,ZOO,秋田県,996,AJI.,秋田県,1319,EOTOKO,秋田県
5th style,V,1248,AJI.,秋田県,2395,HAPICO,秋田県,2821,EOTOKO,秋田県
5th style,THE SHINING POLARIS,946,SIXA,秋田県,1283,HARUNA,秋田県,1530,EOTOKO,秋田県
5th style,THE CUBE,622,WELCH,秋田県,1246,AJI.,秋田県,1329,-GEAR-,秋田県
5th style,sync,1041,AU-MIN,秋田県,1872,KOB.CB,秋田県,2277,AOTA,秋田県
5th style,still my words,863,HARUNA,秋田県,1189,EOTOKO,秋田県,0,,未設定
5th style,STILL IN MY HEART,994,SIXA,秋田県,1303,AJI.,秋田県,1833,EOTOKO,秋田県
5th style,Spin the disc,516,ITK,秋田県,1260,AJI.,秋田県,1285,-GEAR-,秋田県
5th style,RISLIM,701,NYA.C,秋田県,1178,TOROKU,秋田県,0,,未設定
5th style,RIDE ON THE LIGHT (HI GREAT MIX) †,0,,未設定,0,,未設定,1705,GOMATA,秋田県
5th style,RIDE ON THE LIGHT (HI GREAT MIX),849,CAMINO,秋田県,1058,AJI.,秋田県,1616,EOTOKO,秋田県
5th style,Regulus,888,OGA8RA,秋田県,1453,AJI.,秋田県,1605,EOTOKO,秋田県
5th style,Real,1075,KOB.CB,秋田県,1646,AJI.,秋田県,1746,-GEAR-,秋田県
5th style,Radical Faith,469,NAO,秋田県,1464,KOB.CB,秋田県,1248,JK7KD4,秋田県
5th style,QQQ,1156,HARUNA,秋田県,1832,KOB.CB,秋田県,2030,EOTOKO,秋田県
5th style,outer wall,869,AZSA.M,秋田県,1322,AJI.,秋田県,1667,EOTOKO,秋田県
5th style,LOVE AGAIN TONIGHT～for Mellisa mix～,404,IIDX25,秋田県,973,AJI.,秋田県,1083,EOTOKO,秋田県
5th style,in my eyes,795,90GNIZ,秋田県,1423,AJI.,秋田県,1540,-GEAR-,秋田県
5th style,Abyss,1249,SIXA,秋田県,1583,KOB.CB,秋田県,1788,KOB.CB,秋田県
6th style,電人イェーガーのテーマ(Theme of DENJIN J),1073,HARUNA,秋田県,1532,HARUNA,秋田県,0,,未設定
6th style,こっちを向いてよ,667,ZOO,秋田県,1241,AJI.,秋田県,1305,HAPICO,秋田県
6th style,Take It Easy,1468,AJI.,秋田県,2276,AJI.,秋田県,2428,EOTOKO,秋田県
6th style,Summer Vacation(CU mix),1101,RETRY,秋田県,1710,HAPICO,秋田県,0,,未設定
6th style,SOMETHING WONDERFUL,887,AU-MIN,秋田県,1306,AJI.,秋田県,1947,EOTOKO,秋田県
6th style,route 80s,642,10PRA,秋田県,1144,AJI.,秋田県,1439,EOTOKO,秋田県
6th style,rottel-da-sun,609,YUTO,秋田県,1313,AJI.,秋田県,1777,AOTA,秋田県
6th style,NEMESIS,980,HARUNA,秋田県,1497,AJI.,秋田県,1781,EOTOKO,秋田県
6th style,Linus,785,SNOW,秋田県,1484,AJI.,秋田県,2133,Y.I.,秋田県
6th style,G2,1384,AJI.,秋田県,1743,AJI.,秋田県,2266,Y.I.,秋田県
6th style,Frozen Ray (original mix),1279,AJI.,秋田県,1700,AJI.,秋田県,1731,EOTOKO,秋田県
6th style,Free Style,545,KEOGH,秋田県,1074,HARUNA,秋田県,1249,EOTOKO,秋田県
6th style,fly through the night,672,ZOO,秋田県,1309,AJI.,秋田県,1633,EOTOKO,秋田県
6th style,DIVE ～INTO YOUR HEART～,869,429,秋田県,1793,HARUNA,秋田県,2023,EOTOKO,秋田県
6th style,Colors (radio edit),1457,KOB.CB,秋田県,1831,HAPICO,秋田県,2344,TOROKU,秋田県
6th style,Buffalo,799,IIDX25,秋田県,1398,AJI.,秋田県,1711,JK7KD4,秋田県
6th style,Blueberry Stream,725,81019,秋田県,1406,AJI.,秋田県,1535,EOTOKO,秋田県
6th style,BALLAD FOR YOU～想いの雨～,560,AZSA.M,秋田県,770,AJI.,秋田県,1067,AJI.,秋田県
6th style,"19,November",1032,CAMINO,秋田県,1421,KOB.CB,秋田県,1697,-GEAR-,秋田県
7th style,革命,745,AJI.,秋田県,1894,300036,秋田県,2217,EOTOKO,秋田県
7th style,ZERO-ONE,604,KEOGH,秋田県,1643,AJI.,秋田県,2131,EOTOKO,秋田県
7th style,traces,1507,KOB.CB,秋田県,1860,HARUNA,秋田県,2086,EOTOKO,秋田県
7th style,Tomorrow Perfume,1273,KOB.CB,秋田県,1839,AJI.,秋田県,2010,EOTOKO,秋田県
7th style,stoic,1615,AJI.,秋田県,2228,AJI.,秋田県,2435,EOTOKO,秋田県
7th style,Spica,525,SNOW,秋田県,1415,HAPICO,秋田県,2130,300036,秋田県
7th style,MAX 300,1069,AJI.,秋田県,1863,Y.I.,秋田県,0,,未設定
7th style,Love Me Do,1101,SIXA,秋田県,1677,KOB.CB,秋田県,2057,-GEAR-,秋田県
7th style,Let the Snow Paint Me,786,AU-MIN,秋田県,1008,HARUNA,秋田県,1206,JK7KD4,秋田県
7th style,Last Message,927,AKAMA,秋田県,1296,AJI.,秋田県,1509,JK7KD4,秋田県
7th style,Happy Wedding,1128,AKAMA,秋田県,1633,AJI.,秋田県,1746,CRUISE,秋田県
7th style,Glorious Days,396,MIYA,秋田県,793,AJI.,秋田県,865,EOTOKO,秋田県
7th style,foreplay,629,HARUNA,秋田県,1171,AJI.,秋田県,1251,EOTOKO,秋田県
7th style,DESTINY,1042,SIXA,秋田県,1353,KOB.CB,秋田県,1791,EOTOKO,秋田県
7th style,D2R,438,LDA,秋田県,1256,AJI.,秋田県,1515,CRUISE,秋田県
7th style,Cheer Train,671,10PRA,秋田県,1169,HARUNA,秋田県,1624,Y.I.,秋田県
7th style,Burning Heat! (Full Option Mix),677,CAMINO,秋田県,923,AJI.,秋田県,1400,CRUISE,秋田県
7th style,Bad Routine,928,CAMINO,秋田県,1370,HARUNA,秋田県,1855,CRUISE,秋田県
7th style,AVE DE RAPINA,1352,KOB.CB,秋田県,1661,AJI.,秋田県,1702,EOTOKO,秋田県
7th style,A,1268,AJI.,秋田県,2012,GOMATA,秋田県,2352,EOTOKO,秋田県
8th style,蒼い衝動,867,KANI,秋田県,1321,AJI.,秋田県,1517,EOTOKO,秋田県
8th style,桜,981,AJI.,秋田県,1406,AJI.,秋田県,2007,EOTOKO,秋田県
8th style,合体せよ！ストロングイェーガー！！,1576,KOB.CB,秋田県,1692,HARUNA,秋田県,0,,未設定
8th style,xenon,690,ITK,秋田県,1640,AJI.,秋田県,2575,AOTA,秋田県
8th style,World Wide Love,523,IIDX25,秋田県,1044,AJI.,秋田県,1098,-GEAR-,秋田県
8th style,WAR GAME,784,WELCH,秋田県,1514,HARUNA,秋田県,2102,Y.I.,秋田県
8th style,thunder,1046,RH,秋田県,1533,AJI.,秋田県,1808,GOMATA,秋田県
8th style,symbolic,1409,KOB.CB,秋田県,1797,AJI.,秋田県,2144,EOTOKO,秋田県
8th style,STAR DREAM,687,DEF,秋田県,1306,AJI.,秋田県,1399,EOTOKO,秋田県
8th style,rainbow flyer,574,ZUIH,秋田県,1619,AJI.,秋田県,2063,AOTA,秋田県
8th style,PLEASE DON'T GO,718,KKR,秋田県,1333,AJI.,秋田県,2282,Y.I.,秋田県
8th style,MUSIC TO YOUR HEAD,691,ABFRYA,秋田県,1418,AJI.,秋田県,1629,EOTOKO,秋田県
8th style,murmur twins,981,MIYA,秋田県,1619,AJI.,秋田県,2294,EOTOKO,秋田県
8th style,Monkey Dance,597,OINARI,秋田県,1280,HARUNA,秋田県,1891,EOTOKO,秋田県
8th style,memories,1121,KOB.CB,秋田県,1980,AJI.,秋田県,2152,AOTA,秋田県
8th style,Luv 2 Feel Your Body,822,NYA.C,秋田県,1015,AJI.,秋田県,1574,TOROKU,秋田県
8th style,LOVE IS ORANGE,781,HARUNA,秋田県,1015,HARUNA,秋田県,1761,HARUNA,秋田県
8th style,LAB,1025,SIXA,秋田県,1940,AJI.,秋田県,1992,GUNDAM,秋田県
8th style,HYPER BOUNDARY GATE,1252,KOB.CB,秋田県,1860,HARUNA,秋田県,2151,TOROKU,秋田県
8th style,Halfway of promise,608,NABE,秋田県,1469,AJI.,秋田県,1756,Y.I.,秋田県
8th style,Giudecca,577,90GNIZ,秋田県,1864,AJI.,秋田県,2557,EOTOKO,秋田県
8th style,dual control,706,*M*,秋田県,1391,AJI.,秋田県,1722,EOTOKO,秋田県
8th style,Colors -Y&Co. Eurobeat Remix-,842,KTR*M,秋田県,1954,AJI.,秋田県,2104,EOTOKO,秋田県
8th style,CELEBRATE NITE,863,WASA,秋田県,1142,AJI.,秋田県,1355,EOTOKO,秋田県
8th style,Blame,1187,-GEAR-,秋田県,1517,KOB.CB,秋田県,1860,EOTOKO,秋田県
8th style,bit mania,906,AJI.,秋田県,1247,AJI.,秋田県,1803,KOB.CB,秋田県
8th style,Attitude,784,ZOO,秋田県,1376,AJI.,秋田県,1707,EOTOKO,秋田県
8th style,ALL RIGHT,824,AKAMA,秋田県,1279,HARUNA,秋田県,1573,CRUISE,秋田県
8th style,airflow,456,MIYA,秋田県,766,AJI.,秋田県,1399,EOTOKO,秋田県
8th style,abstract,838,90GNIZ,秋田県,1572,AJI.,秋田県,1785,EOTOKO,秋田県
9th style,真夏の花・真夏の夢,674,MIHO,秋田県,1162,AJI.,秋田県,1383,A-BE*Q,秋田県
9th style,ライオン好き,630,HARUNA,秋田県,1158,KANI,秋田県,1430,CRUISE,秋田県
9th style,SWEETEST SAVAGE,609,180106,秋田県,1344,AJI.,秋田県,1772,Y.I.,秋田県
9th style,Sweet Sweet Magic,985,SIXA,秋田県,1461,HARUNA,秋田県,1978,AOTA,秋田県
9th style,STAR FIELD,618,KKR,秋田県,1523,AJI.,秋田県,1789,A-BE*Q,秋田県
9th style,SNOW,1034,TOROKU,秋田県,1342,HARUNA,秋田県,1995,300036,秋田県
9th style,Silvia Drive,592,KEOGH,秋田県,1527,AJI.,秋田県,1917,EOTOKO,秋田県
9th style,rottel-the-Mercury,760,IZAYOI,秋田県,1875,AJI.,秋田県,2225,GOMATA,秋田県
9th style,RISLIM -Remix-,710,OGA8RA,秋田県,976,AJI.,秋田県,1816,EOTOKO,秋田県
9th style,Really Love,576,OGA8RA,秋田県,917,AJI.,秋田県,1689,AOTA,秋田県
9th style,Quickening,620,KEOGH,秋田県,1650,AJI.,秋田県,2015,Y.I.,秋田県
9th style,quasar,1152,AJI.,秋田県,1739,Y.I.,秋田県,2225,TOROKU,秋田県
9th style,one or eight,1164,ABFRYA,秋田県,1771,AJI.,秋田県,2138,EOTOKO,秋田県
9th style,moon_child,862,ZOO,秋田県,1902,AJI.,秋田県,2396,AOTA,秋田県
9th style,MARIA (I believe... ),451,IIDX25,秋田県,1511,HARUNA,秋田県,1897,TOROKU,秋田県
9th style,Make A Difference,0,,未設定,1545,AJI.,秋田県,2110,EOTOKO,秋田県
9th style,lower world,1347,KOB.CB,秋田県,1806,AJI.,秋田県,2139,CRUISE,秋田県
9th style,LOVE SHINE,612,AA,秋田県,1792,AJI.,秋田県,2044,AOTA,秋田県
9th style,lights,590,MIYA,秋田県,1426,KOB.CB,秋田県,1705,AJI.,秋田県
9th style,Let The Snow Paint Me -Y&Co. Remix-,0,,未設定,1257,AJI.,秋田県,1720,EOTOKO,秋田県
9th style,Karma,1180,ABFRYA,秋田県,1639,AJI.,秋田県,1737,-GEAR-,秋田県
9th style,I Was The One (80's EUROBEAT STYLE),596,OINARI,秋田県,1330,AJI.,秋田県,1386,GOMATA,秋田県
9th style,HYPER EUROBEAT (2DX style),1061,SIXA,秋田県,1539,HARUNA,秋田県,1882,EOTOKO,秋田県
9th style,Golden Horn,557,MIYA,秋田県,1152,HARUNA,秋田県,1431,-GEAR-,秋田県
9th style,e-motion 2003 -romantic extra-,1252,SIXA,秋田県,1528,HARUNA,秋田県,1911,AOTA,秋田県
9th style,Distress,1106,RH,秋田県,1761,300036,秋田県,0,,未設定
9th style,Cradle,693,IIDX25,秋田県,1442,AJI.,秋田県,1548,AJI.,秋田県
9th style,BRIGHTNESS DARKNESS,712,AJI.,秋田県,1415,AJI.,秋田県,1688,EOTOKO,秋田県
9th style,bag,730,ZOO,秋田県,1182,AJI.,秋田県,1849,AOTA,秋田県
9th style,BAD BOY BASS!! (dj Remo-con MIX),804,ZOO,秋田県,1353,AJI.,秋田県,1724,EOTOKO,秋田県
9th style,ACT,804,ZOO,秋田県,1636,AJI.,秋田県,1784,EOTOKO,秋田県
9th style,Abyss -The Heavens Remix-,1479,AJI.,秋田県,1793,AJI.,秋田県,2280,-GEAR-,秋田県
10th style,雪月花,1220,AJI.,秋田県,1788,Y.I.,秋田県,2378,TOROKU,秋田県
10th style,システムロマンス,889,SIXA,秋田県,1735,KOB.CB,秋田県,1960,EOTOKO,秋田県
10th style,SPACE FIGHT,623,HARUNA,秋田県,1437,AJI.,秋田県,2166,Y.I.,秋田県
10th style,SHOOTING STAR,1243,AJI.,秋田県,1540,HARUNA,秋田県,2144,EOTOKO,秋田県
10th style,Rise'n Beauty,1166,OGA8RA,秋田県,1592,AJI.,秋田県,2095,EOTOKO,秋田県
10th style,rainbow rainbow,1550,AJI.,秋田県,2097,GUNDAM,秋田県,2583,300036,秋田県
10th style,pandora,891,-GEAR-,秋田県,1612,AJI.,秋田県,1746,EOTOKO,秋田県
10th style,One More Lovely,764,ABFRYA,秋田県,1582,AJI.,秋田県,2711,TOROKU,秋田県
10th style,No.13,1627,AJI.,秋田県,2500,AJI.,秋田県,3019,Y.I.,秋田県
10th style,Narcissus At Oasis,523,MIHO,秋田県,1482,AJI.,秋田県,1590,EOTOKO,秋田県
10th style,Lucy,860,YUTO,秋田県,1719,AJI.,秋田県,2241,TOROKU,秋田県
10th style,LOW,301,OINARI,秋田県,1233,DOYAKO,秋田県,1639,-GEAR-,秋田県
10th style,Love Is Eternity,770,ITK,秋田県,1868,HARUNA,秋田県,2268,-GEAR-,秋田県
10th style,Innocent Walls,1598,AJI.,秋田県,2358,Y.I.,秋田県,2655,EOTOKO,秋田県
10th style,HIGH,801,ZOO,秋田県,1860,AJI.,秋田県,2092,JK7KD4,秋田県
10th style,GRADIUS -FULL SPEED-,672,AKAMA,秋田県,1130,AJI.,秋田県,1944,Y.I.,秋田県
10th style,GHOST REVIVAL,650,90GNIZ,秋田県,1791,F-YUKI,秋田県,2417,EOTOKO,秋田県
10th style,Freezing atmosphere,741,AU-MIN,秋田県,1103,Y.I.,秋田県,1421,EOTOKO,秋田県
10th style,FEEL IT,686,OKASHI,秋田県,1601,AJI.,秋田県,1903,TOROKU,秋田県
10th style,Feedback,578,SARYO,秋田県,1560,HARUNA,秋田県,1855,EOTOKO,秋田県
10th style,EXE,473,KEOGH,秋田県,1405,DOYAKO,秋田県,2171,AOTA,秋田県
10th style,DoLL,937,AJI.,秋田県,922,MTK,秋田県,1584,KOB.CB,秋田県
10th style,desolation,463,*M*,秋田県,647,AJI.,秋田県,738,EOTOKO,秋田県
10th style,Debtty Daddy,721,10PRA,秋田県,1867,AJI.,秋田県,2562,EOTOKO,秋田県
10th style,Daisuke,1198,AJI.,秋田県,1643,AJI.,秋田県,2356,Y.I.,秋田県
10th style,CARRY ON NIGHT (English version),0,,未設定,1334,AJI.,秋田県,1945,EOTOKO,秋田県
10th style,Boundary,349,GOZEN,秋田県,1714,DEF,秋田県,1951,EOTOKO,秋田県
10th style,Back Into The Light,824,MIHO,秋田県,1615,KOB.CB,秋田県,2076,A-BE*Q,秋田県
10th style,BABY LOVE,855,IIDX25,秋田県,1673,KOB.CB,秋田県,2071,AOTA,秋田県
10th style,ASTRAL VOYAGE,835,OKASHI,秋田県,1397,KOB.CB,秋田県,1842,EOTOKO,秋田県
10th style,ALIEN TEMPLE,652,A,秋田県,1612,KOB.CB,秋田県,1940,KOB.CB,秋田県
10th style,1st Samurai,946,YUTO,秋田県,1866,AJI.,秋田県,2507,EOTOKO,秋田県
IIDX RED,ＵＬＴｉＭΛＴＥ,675,ITK,秋田県,1407,AJI.,秋田県,1938,EOTOKO,秋田県
IIDX RED,太陽～T・A・I・Y・O～,555,SORAJI,秋田県,1348,AJI.,秋田県,1649,EOTOKO,秋田県
IIDX RED,大桟橋,355,ABFRYA,秋田県,1105,AJI.,秋田県,1765,B,秋田県
IIDX RED,ピアノ協奏曲第１番”蠍火”,808,AJI.,秋田県,2046,Y.I.,秋田県,2545,TOROKU,秋田県
IIDX RED,Wonder Bullfighter,792,YUTO,秋田県,1398,AJI.,秋田県,1888,Y.I.,秋田県
IIDX RED,The Hope of Tomorrow,1037,SIXA,秋田県,1611,AJI.,秋田県,1900,EOTOKO,秋田県
IIDX RED,spiral galaxy†,0,,未設定,0,,未設定,3560,TOROKU,秋田県
IIDX RED,spiral galaxy,1053,SIXA,秋田県,1989,AJI.,秋田県,2482,EOTOKO,秋田県
IIDX RED,Sphere,869,KEOGH,秋田県,1841,AJI.,秋田県,2090,EOTOKO,秋田県
IIDX RED,SPEEDY CAT,1117,-GEAR-,秋田県,1616,AJI.,秋田県,1967,EOTOKO,秋田県
IIDX RED,Secret of Love,697,ITK,秋田県,1405,AJI.,秋田県,1958,Y.I.,秋田県
IIDX RED,RESONATE 1794,918,AJI.,秋田県,1387,AJI.,秋田県,1790,TOROKU,秋田県
IIDX RED,RED ZONE†,0,,未設定,0,,未設定,2979,TOROKU,秋田県
IIDX RED,RED ZONE,1095,SIXA,秋田県,1831,AJI.,秋田県,2235,TOROKU,秋田県
IIDX RED,Raspberry Heart(English version),1005,SIXA,秋田県,1527,HARUNA,秋田県,1782,HARUNA,秋田県
IIDX RED,NEBULA GRASPER,1352,KOB.CB,秋田県,1705,SHUN-X,秋田県,2308,EOTOKO,秋田県
IIDX RED,KEY,1113,AJI.,秋田県,1831,HARUNA,秋田県,2780,AOTA,秋田県
IIDX RED,HORIZON,781,LCHE-D,秋田県,1523,AJI.,秋田県,1920,CRUISE,秋田県
IIDX RED,gigadelic,1460,AJI.,秋田県,2082,300036,秋田県,2380,EOTOKO,秋田県
IIDX RED,GENOCIDE,1113,AJI.,秋田県,1974,KOB.CB,秋田県,2275,AOTA,秋田県
IIDX RED,Fly Away To India,572,MIYA,秋田県,1048,AJI.,秋田県,1339,EOTOKO,秋田県
IIDX RED,FAKE TIME,872,YUTO,秋田県,1647,GOMATA,秋田県,2248,GOMATA,秋田県
IIDX RED,earth scape,400,YUTO,秋田県,999,AJI.,秋田県,1233,EOTOKO,秋田県
IIDX RED,Don't be afraid myself,1077,SIXA,秋田県,1805,AJI.,秋田県,2188,EOTOKO,秋田県
IIDX RED,D.A.N.C.E.!,529,TORU.K,秋田県,753,AZSA.M,秋田県,1502,EOTOKO,秋田県
IIDX RED,Close my Eyes for Me,951,SAKU,秋田県,1409,AJI.,秋田県,1717,EOTOKO,秋田県
IIDX RED,Click Again,783,ABFRYA,秋田県,1406,KOB.CB,秋田県,2071,Y.I.,秋田県
IIDX RED,BREATH,883,KANI,秋田県,1064,RH,秋田県,1648,EOTOKO,秋田県
IIDX RED,BLOCKS,639,ZOO,秋田県,1294,AJI.,秋田県,1905,EOTOKO,秋田県
IIDX RED,Be quiet,915,RH,秋田県,1663,AJI.,秋田県,2123,Y.I.,秋田県
IIDX RED,awakening,1055,AZSA.M,秋田県,1434,AJI.,秋田県,1590,EOTOKO,秋田県
IIDX RED,ANDROMEDA,760,90GNIZ,秋田県,1879,KOB.CB,秋田県,2773,Y.I.,秋田県
IIDX RED,AGEHA,1043,AJI.,秋田県,1679,AJI.,秋田県,1813,-GEAR-,秋田県
IIDX RED,AA,1253,AJI.,秋田県,2661,TOROKU,秋田県,3415,Y.I.,秋田県
HAPPY SKY,月光,582,000OOO,秋田県,1709,HARUNA,秋田県,2336,AOTA,秋田県
HAPPY SKY,合体せよ！ストロングイェーガー！！ (Ryu☆ remix),1046,TORU.K,秋田県,1253,*M*,秋田県,1841,EOTOKO,秋田県
HAPPY SKY,冥,1024,TOROKU,秋田県,2005,KOB.CB,秋田県,3377,TOROKU,秋田県
HAPPY SKY,ラクエン,497,WELCH,秋田県,907,AJI.,秋田県,1854,EOTOKO,秋田県
HAPPY SKY,ヒマワリ,416,LIZ,秋田県,1671,DEF,秋田県,2015,EOTOKO,秋田県
HAPPY SKY,オレはビートマニア！お前は何マニア？,775,AJI.,秋田県,1381,NYA.C,秋田県,1637,TOROKU,秋田県
HAPPY SKY,Xepher,1106,SIXA,秋田県,2075,AJI.,秋田県,2842,AOTA,秋田県
HAPPY SKY,We are Disっ娘よっつ打ち命,642,HARUNA,秋田県,915,AZSA.M,秋田県,1610,EOTOKO,秋田県
HAPPY SKY,Votum stellarum,587,WELCH,秋田県,1537,HARUNA,秋田県,1882,EOTOKO,秋田県
HAPPY SKY,vault of heaven,788,SIXA,秋田県,1341,HARUNA,秋田県,1902,CENT,秋田県
HAPPY SKY,Under the Sky,762,KEOGH,秋田県,1372,AJI.,秋田県,1679,GOMATA,秋田県
HAPPY SKY,Twelfth Style,1168,SIXA,秋田県,1476,AJI.,秋田県,1960,EOTOKO,秋田県
HAPPY SKY,Tizona d'El Cid,620,ITK,秋田県,1801,HARUNA,秋田県,2241,EOTOKO,秋田県
HAPPY SKY,SigSig,1073,SIXA,秋田県,1678,KOB.CB,秋田県,2521,AOTA,秋田県
HAPPY SKY,Scripted Connection⇒ N mix,993,ZOO,秋田県,1543,HARUNA,秋田県,1975,EOTOKO,秋田県
HAPPY SKY,Scripted Connection⇒ H mix,1674,KOB.CB,秋田県,1951,AJI.,秋田県,2395,EOTOKO,秋田県
HAPPY SKY,Scripted Connection⇒ A mix,1646,KOB.CB,秋田県,2094,O-KUBO,秋田県,2871,CODAI,秋田県
HAPPY SKY,SCREAM SQUAD,1028,ABFRYA,秋田県,1602,AJI.,秋田県,1960,EOTOKO,秋田県
HAPPY SKY,rage against usual,1073,RH,秋田県,1972,O-KUBO,秋田県,2711,EOTOKO,秋田県
HAPPY SKY,POODLE,669,MTK,秋田県,1857,AJI.,秋田県,2218,CRUISE,秋田県
HAPPY SKY,Pollinosis,729,OGA8RA,秋田県,1141,AJI.,秋田県,2362,TOROKU,秋田県
HAPPY SKY,PLASMA,849,ZOO,秋田県,1553,HARUNA,秋田県,2181,KOB.CB,秋田県
HAPPY SKY,Pink Rose,435,A-NE,秋田県,927,-GEAR-,秋田県,1394,Y.I.,秋田県
HAPPY SKY,MOON RACE,778,RH,秋田県,1151,AJI.,秋田県,1804,300036,秋田県
HAPPY SKY,Love Magic,793,MIHO,秋田県,1682,HARUNA,秋田県,1866,EOTOKO,秋田県
HAPPY SKY,Little Little Princess†,0,,未設定,0,,未設定,3592,EOTOKO,秋田県
HAPPY SKY,Little Little Princess,1083,-GEAR-,秋田県,2105,AJI.,秋田県,2690,Y.I.,秋田県
HAPPY SKY,LESSON 5,880,IIDX25,秋田県,1808,KOB.CB,秋田県,2417,EOTOKO,秋田県
HAPPY SKY,INAZUMA,1075,AJI.,秋田県,1708,AJI.,秋田県,2611,CENT,秋田県
HAPPY SKY,in motion,792,AU-MIN,秋田県,1055,AJI.,秋田県,1265,CRUISE,秋田県
HAPPY SKY,I am,1061,SIXA,秋田県,1718,AJI.,秋田県,2100,EOTOKO,秋田県
HAPPY SKY,HAPPY☆ANGEL,1071,SIXA,秋田県,1528,AJI.,秋田県,2027,CRUISE,秋田県
HAPPY SKY,Get'em up to R.A.V.E,1161,SIXA,秋田県,1661,HARUNA,秋田県,2167,AOTA,秋田県
HAPPY SKY,garden,619,ITK,秋田県,1461,AJI.,秋田県,2073,B,秋田県
HAPPY SKY,First Resolution,0,,未設定,1580,KOB.CB,秋田県,2064,EOTOKO,秋田県
HAPPY SKY,EMPTY OF THE SKY,455,A-NE,秋田県,864,A-NE,秋田県,1644,O-KUBO,秋田県
HAPPY SKY,EDEN,1210,RH,秋田県,1878,EULECA,秋田県,2674,Y.I.,秋田県
HAPPY SKY,double thrash,600,IM*SIK,秋田県,1930,AJI.,秋田県,2227,EOTOKO,秋田県
HAPPY SKY,Catch Me,584,ITK,秋田県,1241,EOTOKO,秋田県,1733,AOTA,秋田県
HAPPY SKY,CaptivAte～浄化～,1030,SIXA,秋田県,1698,AZSA.M,秋田県,2367,Y.I.,秋田県
HAPPY SKY,Aurora,1350,AJI.,秋田県,2106,TOROKU,秋田県,2455,AOTA,秋田県
HAPPY SKY,alla turca con passione,792,SIXA,秋田県,1586,AJI.,秋田県,2100,EOTOKO,秋田県
HAPPY SKY,Agnus Dei,525,U-TIY,秋田県,1531,HARUNA,秋田県,1987,AOTA,秋田県
HAPPY SKY,100％ minimoo-G,619,KEOGH,秋田県,1451,SAKU,秋田県,1640,Y.I.,秋田県
DistorteD,虹色,821,OTONEC,秋田県,1490,AJI.,秋田県,1802,-GEAR-,秋田県
DistorteD,華蝶風雪,1248,-GEAR-,秋田県,2069,AOTA,秋田県,2920,TOROKU,秋田県
DistorteD,罠,550,TORU.K,秋田県,1511,AJI.,秋田県,2393,GOMATA,秋田県
DistorteD,嘆きの樹,1750,AJI.,秋田県,2402,EOTOKO,秋田県,3594,TOROKU,秋田県
DistorteD,タシカナモノ,680,ITK,秋田県,1416,AJI.,秋田県,1966,AOTA,秋田県
DistorteD,カゴノトリ～弐式～,928,RETRY,秋田県,1776,AJI.,秋田県,2501,TOROKU,秋田県
DistorteD,Zenius -I- vanisher,969,AJI.,秋田県,1533,KOB.CB,秋田県,2301,Y.I.,秋田県
DistorteD,with you…,616,WELCH,秋田県,1101,AZSA.M,秋田県,1726,A-BE*Q,秋田県
DistorteD,WISH(EUROBEAT MIX),839,ZOO,秋田県,1575,AJI.,秋田県,1896,CRUISE,秋田県
DistorteD,Why did you go away,1095,SIXA,秋田県,1744,AJI.,秋田県,2246,AOTA,秋田県
DistorteD,waxing and wanding†,0,,未設定,0,,未設定,3825,TOROKU,秋田県
DistorteD,waxing and wanding,1301,-GEAR-,秋田県,1935,GOMATA,秋田県,2802,TOROKU,秋田県
DistorteD,TYPE MARS(G-Style Mix),788,ZUIH,秋田県,1694,HARUNA,秋田県,2259,GOMATA,秋田県
DistorteD,tripping contact(teranoid&MC Natsack Remix),1113,RH,秋田県,1889,AJI.,秋田県,2358,EOTOKO,秋田県
DistorteD,tripping contact,1325,KOB.CB,秋田県,1773,KUWA,秋田県,2460,O-KUBO,秋田県
DistorteD,This is Love,926,SIXA,秋田県,1766,AJI.,秋田県,2390,AOTA,秋田県
DistorteD,The Dirty of Loudness,1402,AJI.,秋田県,2125,Y.I.,秋田県,2433,EOTOKO,秋田県
DistorteD,Sun Field,503,ABFRYA,秋田県,1487,AJI.,秋田県,2309,AOTA,秋田県
DistorteD,So Fabulous !!,1074,SIXA,秋田県,1508,AJI.,秋田県,2251,EOTOKO,秋田県
DistorteD,Power of Love,0,,未設定,1631,KOB.CB,秋田県,2051,AOTA,秋田県
DistorteD,MOON,646,U-TIY,秋田県,2048,AJI.,秋田県,2120,AOTA,秋田県
DistorteD,MINT,618,KEOGH,秋田県,1749,AJI.,秋田県,2212,Y.I.,秋田県
DistorteD,Melody Life,719,KKR,秋田県,1299,AJI.,秋田県,1783,-GEAR-,秋田県
DistorteD,Leaving...,478,KEOGH,秋田県,1276,HARUNA,秋田県,2088,EOTOKO,秋田県
DistorteD,INFERNO,865,MINT,秋田県,1578,KOB.CB,秋田県,1883,EOTOKO,秋田県
DistorteD,Heavenly Sun (IIDX VERSION),735,KKR,秋田県,1567,KOB.CB,秋田県,2051,EOTOKO,秋田県
DistorteD,Harmony and Lovely,894,AJI.,秋田県,1708,HARUNA,秋田県,2161,Y.I.,秋田県
DistorteD,Ganymede,1112,-GEAR-,秋田県,1655,AJI.,秋田県,2214,300036,秋田県
DistorteD,EURO-ROMANCE,681,10PRA,秋田県,1803,KOB.CB,秋田県,2009,EOTOKO,秋田県
DistorteD,DUE TOMORROW,899,KOB.CB,秋田県,1372,Y.I.,秋田県,1851,300036,秋田県
DistorteD,Double Loving Heart,517,MIYA,秋田県,1264,HARUNA,秋田県,1757,A-BE*Q,秋田県
DistorteD,D.C.fish,700,IMO,秋田県,1738,CAMINO,秋田県,2281,CENT,秋田県
DistorteD,CONTRACT†,0,,未設定,0,,未設定,2575,TOROKU,秋田県
DistorteD,CONTRACT,1229,-GEAR-,秋田県,1612,Y.I.,秋田県,1961,Y.I.,秋田県
DistorteD,Concertino in Blue,637,LCHE-D,秋田県,1606,AJI.,秋田県,2315,Y.I.,秋田県
DistorteD,Broadbanded,615,IIDX25,秋田県,1367,HARUNA,秋田県,1897,AOTA,秋田県
DistorteD,BOOM BOOM DISCO NIGHT,987,SIXA,秋田県,1789,KOB.CB,秋田県,2179,AOTA,秋田県
DistorteD,Bloody Tears(IIDX EDITION),1113,KOB.CB,秋田県,1901,AJI.,秋田県,2081,B,秋田県
DistorteD,BALLAD THE FEATHERS,656,KKR,秋田県,711,ZUIH,秋田県,1466,KOB.CB,秋田県
DistorteD,Apocalypse ～dirge of swans～,902,HAPICO,秋田県,1703,AJI.,秋田県,2293,AOTA,秋田県
DistorteD,ALFARSHEAR 双神威に廻る夢,926,MINT,秋田県,1633,KOB.CB,秋田県,2022,AOTA,秋田県
GOLD,電人、暁に斃れる。,1273,YUTO,秋田県,2200,KOB.CB,秋田県,3143,CODAI,秋田県
GOLD,零 - ZERO -,1048,A-NE,秋田県,1763,KOB.CB,秋田県,2226,JK7KD4,秋田県
GOLD,花吹雪 ～ IIDX LIMITED ～,658,OKASHI,秋田県,1116,AJI.,秋田県,1375,EOTOKO,秋田県
GOLD,星をこの手に,1111,DOYAKO,秋田県,1754,TOROKU,秋田県,2095,EOTOKO,秋田県
GOLD,リグレット,1290,SIXA,秋田県,1674,AJI.,秋田県,2366,EOTOKO,秋田県
GOLD,ヨシダさん,672,000OOO,秋田県,1390,AKAMA,秋田県,1920,AOTA,秋田県
GOLD,クルクル☆ラブ～Opioid Peptide MIX～,679,000OOO,秋田県,1367,OKOTA,秋田県,2202,EOTOKO,秋田県
GOLD,X-rated,675,WELCH,秋田県,1568,AJI.,秋田県,2035,AOTA,秋田県
GOLD,With your Smile,714,SIXA,秋田県,1159,HARUNA,秋田県,1517,GOMATA,秋田県
GOLD,Watch out!!,675,TORU.K,秋田県,999,AJI.,秋田県,1498,EOTOKO,秋田県
GOLD,VANESSA†,0,,未設定,0,,未設定,3143,TOROKU,秋田県
GOLD,VANESSA,1119,AJI.,秋田県,1736,300036,秋田県,2279,TOROKU,秋田県
GOLD,TRANOID,520,MASA,秋田県,1704,AJI.,秋田県,2118,GOMATA,秋田県
GOLD,The Smile of You,856,K,秋田県,1301,AJI.,秋田県,1601,Y.I.,秋田県
GOLD,the shadow,1193,SIXA,秋田県,2023,AJI.,秋田県,2740,AOTA,秋田県
GOLD,snow storm,617,DETTA,秋田県,2224,KOB.CB,秋田県,2713,Y.I.,秋田県
GOLD,smile,1384,HARUNA,秋田県,2139,AJI.,秋田県,2757,Y.I.,秋田県
GOLD,Sense 2007,1469,NYA.C,秋田県,2151,Y.I.,秋田県,2727,EOTOKO,秋田県
GOLD,Second Heaven,971,-GEAR-,秋田県,1513,AJI.,秋田県,2069,Y.I.,秋田県
GOLD,Roulette,850,AU-MIN,秋田県,1401,HARUNA,秋田県,2012,AOTA,秋田県
GOLD,PHOTONGENIC,1142,LCHE-D,秋田県,1924,AOTA,秋田県,2276,AOTA,秋田県
GOLD,op.31 叙情,549,KOB.CB,秋田県,1159,KOB.CB,秋田県,1378,EOTOKO,秋田県
GOLD,never…,507,TOMO,秋田県,1091,MK,秋田県,1774,KOB.CB,秋田県
GOLD,METALLIC MIND,529,IIDX25,秋田県,1178,TSURO,秋田県,1537,EOTOKO,秋田県
GOLD,Make Me Your Own,663,ALEPH,秋田県,1488,HARUNA,秋田県,2026,300036,秋田県
GOLD,Love Again...,454,MIYA,秋田県,770,-GEAR-,秋田県,1050,-GEAR-,秋田県
GOLD,LASER CRUSTER,1190,OKASHI,秋田県,2324,Y.I.,秋田県,2960,Y.I.,秋田県
GOLD,KAMAITACHI†,0,,未設定,0,,未設定,3187,CRUISE,秋田県
GOLD,KAMAITACHI,1260,SIXA,秋田県,1946,AJI.,秋田県,2566,Y.I.,秋田県
GOLD,INORI,1382,KOB.CB,秋田県,2442,AJI.,秋田県,3071,EOTOKO,秋田県
GOLD,High School Love,745,MTK,秋田県,1550,KOB.CB,秋田県,2159,EOTOKO,秋田県
GOLD,heaven above,695,NYA.C,秋田県,1315,HARUNA,秋田県,1765,EOTOKO,秋田県
GOLD,GRID KNIGHT,760,HAYA,秋田県,1919,KOB.CB,秋田県,2459,EOTOKO,秋田県
GOLD,GOLD RUSH,1130,KANI,秋田県,1331,HN0123,秋田県,2235,EOTOKO,秋田県
GOLD,four-leaf,271,000OOO,秋田県,1224,AJI.,秋田県,1623,EOTOKO,秋田県
GOLD,FIRE FIRE,1014,SATC,秋田県,1718,AJI.,秋田県,2642,TOROKU,秋田県
GOLD,Fascination MAXX,856,Y.I.,秋田県,1540,Y.I.,秋田県,2209,300036,秋田県
GOLD,Cyber Force,1238,SIXA,秋田県,1859,AJI.,秋田県,2298,AOTA,秋田県
GOLD,CROSSROAD ～Left Story～,1123,KOB.CB,秋田県,1736,AJI.,秋田県,2159,AJI.,秋田県
GOLD,CaptivAte～誓い～,1286,SIXA,秋田県,1893,HARUNA,秋田県,2184,AAAAAA,秋田県
GOLD,CaptivAte～裁き～,707,LCHE-D,秋田県,1249,AJI.,秋田県,1706,CRUISE,秋田県
GOLD,Candy Galy,1559,KOB.CB,秋田県,2452,KOB.CB,秋田県,3394,TOROKU,秋田県
GOLD,"Blind Justice ～Torn souls, Hurt Faiths ～",1284,KANI,秋田県,1930,KOB.CB,秋田県,2398,Y.I.,秋田県
GOLD,ANDROMEDA II,982,SIXA,秋田県,1869,Y.I.,秋田県,2374,EOTOKO,秋田県
GOLD,Air Bell,957,SIXA,秋田県,1329,KOB.CB,秋田県,1681,-GEAR-,秋田県
DJ TROOPERS,走馬灯 -The Last Song-,432,MIYA,秋田県,898,OGA8RA,秋田県,1287,GOMATA,秋田県
DJ TROOPERS,華爛漫 -Flowers-,999,SIXA,秋田県,1538,HARUNA,秋田県,1980,Y.I.,秋田県
DJ TROOPERS,少年A,987,IIDX25,秋田県,2053,HAPICO,秋田県,2587,Y.I.,秋田県
DJ TROOPERS,ミラージュ・レジデンス,1106,KOB.CB,秋田県,2041,AJI.,秋田県,2553,EOTOKO,秋田県
DJ TROOPERS,マチ子の唄,733,ABFRYA,秋田県,1104,A-NE,秋田県,1741,A-BE*Q,秋田県
DJ TROOPERS,エコ爺,691,IIDX25,秋田県,1288,HARUNA,秋田県,1795,Y.I.,秋田県
DJ TROOPERS,Wanna Party?,727,AKAMA,秋田県,1140,AKAMA,秋田県,1505,Y.I.,秋田県
DJ TROOPERS,Ubertreffen†,0,,未設定,0,,未設定,3017,EOTOKO,秋田県
DJ TROOPERS,Ubertreffen,1089,-GEAR-,秋田県,1857,AJI.,秋田県,2413,TOROKU,秋田県
DJ TROOPERS,TROOPERS,1022,A-NE,秋田県,2275,AJI.,秋田県,2758,EOTOKO,秋田県
DJ TROOPERS,Time to Air,985,KEOGH,秋田県,2041,GOMATA,秋田県,2761,AOTA,秋田県
DJ TROOPERS,the trigger of innocence,0,,未設定,1089,90GNIZ,秋田県,1841,Y.I.,秋田県
DJ TROOPERS,THE DEEP STRIKER†,0,,未設定,0,,未設定,3246,EOTOKO,秋田県
DJ TROOPERS,THE DEEP STRIKER,947,YUTO,秋田県,2089,AJI.,秋田県,2846,300036,秋田県
DJ TROOPERS,switch,667,WELCH,秋田県,1473,AJI.,秋田県,1991,CODAI,秋田県
DJ TROOPERS,STEEL NEEDLE,922,KKR,秋田県,2052,HARUNA,秋田県,2352,EOTOKO,秋田県
DJ TROOPERS,State Of The Art,1035,AU-MIN,秋田県,1473,HARUNA,秋田県,2999,TOROKU,秋田県
DJ TROOPERS,SOUND OF GIALLARHORN,1369,AJI.,秋田県,2603,AJI.,秋田県,3156,EOTOKO,秋田県
DJ TROOPERS,scar in the earth,622,TORU.K,秋田県,897,ZOO,秋田県,1450,A-BE*Q,秋田県
DJ TROOPERS,satfinal,1074,SIXA,秋田県,1392,AJI.,秋田県,1871,Y.I.,秋田県
DJ TROOPERS,"satellite020712 from ""CODED ARMS""",957,A-NE,秋田県,1721,DEF,秋田県,2420,EOTOKO,秋田県
DJ TROOPERS,Ristaccia,1007,YUTO,秋田県,1876,O-KUBO,秋田県,2641,Y.I.,秋田県
DJ TROOPERS,REMINISCENCE,1248,SIXA,秋田県,1773,HARUNA,秋田県,2231,AOTA,秋田県
DJ TROOPERS,PROMISE FOR LIFE,400,A-NE,秋田県,1373,NEGI,秋田県,1724,AKAMA,秋田県
DJ TROOPERS,PARANOiA ～HADES～,893,YUTO,秋田県,1734,Y.I.,秋田県,2548,TOROKU,秋田県
DJ TROOPERS,oratio,1384,SIXA,秋田県,1975,AJI.,秋田県,2795,TOROKU,秋田県
DJ TROOPERS,NEW GENERATION -もう、お前しか見えない-,983,OGA8RA,秋田県,1811,MGR*,秋田県,2506,EOTOKO,秋田県
DJ TROOPERS,MENTAL MELTDOWN,1156,AJI.,秋田県,2140,AJI.,秋田県,2652,EOTOKO,秋田県
DJ TROOPERS,MENDES,1097,SIXA,秋田県,2490,Y.I.,秋田県,3297,TOROKU,秋田県
DJ TROOPERS,MAX LOVE,1142,HONE,秋田県,2128,KOB.CB,秋田県,2629,Y.I.,秋田県
DJ TROOPERS,madrugada,702,KOB.CB,秋田県,1207,KOB.CB,秋田県,1737,EOTOKO,秋田県
DJ TROOPERS,LOVELY STORM,1302,SIXA,秋田県,2129,AJI.,秋田県,2735,AOTA,秋田県
DJ TROOPERS,Kick Out 仮面,994,MIHO,秋田県,1555,KOB.CB,秋田県,1923,O-KUBO,秋田県
DJ TROOPERS,in the Sky,1332,SIXA,秋田県,2090,AJI.,秋田県,2471,-GEAR-,秋田県
DJ TROOPERS,ICARUS†,0,,未設定,0,,未設定,3068,Y.I.,秋田県
DJ TROOPERS,ICARUS,1082,RH,秋田県,1985,AJI.,秋田県,2213,Y.I.,秋田県
DJ TROOPERS,Freeway Shuffle,588,OINARI,秋田県,1060,ABFRYA,秋田県,1815,GOMATA,秋田県
DJ TROOPERS,four pieces of heaven,831,OGA8RA,秋田県,1692,AJI.,秋田県,2188,AOTA,秋田県
DJ TROOPERS,evergreen,785,BLOX.,秋田県,1285,AZSA.M,秋田県,1856,AOTA,秋田県
DJ TROOPERS,end of world,757,AKAMA,秋田県,1690,HAPICO,秋田県,2408,AOTA,秋田県
DJ TROOPERS,Do it!! Do it!!,962,AZSA.M,秋田県,1502,Y.I.,秋田県,1805,TOROKU,秋田県
DJ TROOPERS,Digitank System,743,IIDX25,秋田県,1475,AJI.,秋田県,2036,Y.I.,秋田県
DJ TROOPERS,Dazzlin' Darlin,734,MTK,秋田県,1324,SHUN-X,秋田県,2190,Y.I.,秋田県
DJ TROOPERS,Darling my LUV,406,DETTA,秋田県,849,RETRY,秋田県,1342,HARUNA,秋田県
DJ TROOPERS,Blue Rain†,0,,未設定,0,,未設定,3121,TOROKU,秋田県
DJ TROOPERS,Blue Rain,990,-GEAR-,秋田県,1550,HARUNA,秋田県,2182,AOTA,秋田県
DJ TROOPERS,beatonic nation,1254,SIXA,秋田県,1853,AJI.,秋田県,2071,KOB.CB,秋田県
DJ TROOPERS,Be OK,879,ABFRYA,秋田県,1740,AJI.,秋田県,2326,AOTA,秋田県
DJ TROOPERS,avant-guerre,719,KANI,秋田県,1175,HARUNA,秋田県,1821,AOTA,秋田県
DJ TROOPERS,"Anisakis -somatic mutation type""Forza""-",1232,SIXA,秋田県,2029,AJI.,秋田県,2752,TOROKU,秋田県
DJ TROOPERS,2 tribe 4 K,541,IIDX25,秋田県,1144,RH,秋田県,2675,TOROKU,秋田県
EMPRESS,鉄甲乙女-under the steel-,820,MIHO,秋田県,1603,KOB.CB,秋田県,2104,AOTA,秋田県
EMPRESS,翼,511,NRNK,秋田県,1489,HARUNA,秋田県,1931,AOTA,秋田県
EMPRESS,山岡晃の「クイズ！家事都合！」,579,KKR,秋田県,1187,RH,秋田県,1926,EOTOKO,秋田県
EMPRESS,天空脳番長危機十六連打,956,ISSY.L,秋田県,2062,AJI.,秋田県,2470,EOTOKO,秋田県
EMPRESS,卑弥呼,1182,-GEAR-,秋田県,2596,Y.I.,秋田県,3635,TOROKU,秋田県
EMPRESS,凛として咲く花の如く†,0,,未設定,0,,未設定,3089,AOTA,秋田県
EMPRESS,凛として咲く花の如く,1317,SIXA,秋田県,2105,KOB.CB,秋田県,2719,AOTA,秋田県
EMPRESS,不沈艦CANDY,1155,SIXA,秋田県,1920,AJI.,秋田県,3223,TOROKU,秋田県
EMPRESS,ミッドナイト堕天使,936,HAYA,秋田県,1591,KOB.CB,秋田県,2687,EOTOKO,秋田県
EMPRESS,ハリツヤランデヴー,955,KOB.CB,秋田県,2100,KOB.CB,秋田県,2418,TOROKU,秋田県
EMPRESS,まほろば,782,SIXA,秋田県,1412,HARUNA,秋田県,1972,EOTOKO,秋田県
EMPRESS,"You'll say ""Now!""",982,YUTO,秋田県,1800,Y.I.,秋田県,2395,EOTOKO,秋田県
EMPRESS,Y&Co. is dead or alive,1087,KOB.CB,秋田県,1689,KOB.CB,秋田県,2514,EOTOKO,秋田県
EMPRESS,V2,1479,KOB.CB,秋田県,3012,Y.I.,秋田県,3323,Y.I.,秋田県
EMPRESS,Turii ～Panta rhei～,749,ABFRYA,秋田県,1979,HAPICO,秋田県,2567,AOTA,秋田県
EMPRESS,THANK YOU FOR PLAYING†,0,,未設定,0,,未設定,2742,TOROKU,秋田県
EMPRESS,THANK YOU FOR PLAYING,611,KEOGH,秋田県,1545,HARUNA,秋田県,2025,AOTA,秋田県
EMPRESS,SOLITON BEAM,1435,KOB.CB,秋田県,1723,ZEPHYR,秋田県,2286,EOTOKO,秋田県
EMPRESS,smooooch・∀・,821,SIXA,秋田県,1563,AZSA.M,秋田県,2065,TOROKU,秋田県
EMPRESS,Secrets,1230,SIXA,秋田県,2328,AJI.,秋田県,3016,CRUISE,秋田県
EMPRESS,Queen's Tragedy,559,000OOO,秋田県,1609,HARUNA,秋田県,2151,AOTA,秋田県
EMPRESS,Punch Love 仮面,803,KEOGH,秋田県,1646,HARUNA,秋田県,2413,AOTA,秋田県
EMPRESS,Programmed World,930,SIXA,秋田県,1738,AJI.,秋田県,2205,Y.I.,秋田県
EMPRESS,NΦ CRIME,692,AKA.,秋田県,1349,HARUNA,秋田県,1834,AOTA,秋田県
EMPRESS,neogenesis,901,KKR,秋田県,1283,OGA8RA,秋田県,1659,EOTOKO,秋田県
EMPRESS,naughty girl@Queen's Palace†,0,,未設定,0,,未設定,2362,EOTOKO,秋田県
EMPRESS,naughty girl@Queen's Palace,821,NYA.C,秋田県,1585,Y.I.,秋田県,1977,Y.I.,秋田県
EMPRESS,MY FUTURE,931,SIXA,秋田県,1600,HARUNA,秋田県,2117,EOTOKO,秋田県
EMPRESS,Monkey Dance '09,701,IIDX25,秋田県,1669,HARUNA,秋田県,2193,AOTA,秋田県
EMPRESS,Mind Mapping,640,KEOGH,秋田県,1196,AZSA.M,秋田県,1762,GOMATA,秋田県
EMPRESS,Kung-fu Empire†,0,,未設定,0,,未設定,3767,TOROKU,秋田県
EMPRESS,Kung-fu Empire,1494,KOB.CB,秋田県,2476,TOROKU,秋田県,3108,TOROKU,秋田県
EMPRESS,Just a Little Smile,0,,未設定,1274,HARUNA,秋田県,2280,Y.I.,秋田県
EMPRESS,Jack,715,U-TIY,秋田県,1232,LARK9,秋田県,2108,Y.I.,秋田県
EMPRESS,I'm Screaming LOVE,599,TORU.K,秋田県,1282,SIXA,秋田県,1668,KOB.CB,秋田県
EMPRESS,HYPERION,1108,SIXA,秋田県,1880,HARUNA,秋田県,2637,AOTA,秋田県
EMPRESS,Go Beyond!!,1003,SIXA,秋田県,1684,GOMATA,秋田県,1998,CRUISE,秋田県
EMPRESS,Fly Above,897,OKASHI,秋田県,1612,KOB.CB,秋田県,2004,AJI.,秋田県
EMPRESS,Flash Back 90's,921,POKEGO,秋田県,1823,KOB.CB,秋田県,2241,AOTA,秋田県
EMPRESS,Cyber Force -DJ Yoshitaka Remix-,1057,SIXA,秋田県,1790,HARUNA,秋田県,2418,AOTA,秋田県
EMPRESS,Colorful Cookie,1123,SIXA,秋田県,2238,TOROKU,秋田県,3315,TOROKU,秋田県
EMPRESS,CaptivAte2～覚醒～,1068,SIXA,秋田県,1618,HARUNA,秋田県,2314,TOROKU,秋田県
EMPRESS,BRIDAL FESTIVAL !!!,424,NRNK,秋田県,1404,AKAMA,秋田県,2035,EOTOKO,秋田県
EMPRESS,BITTER CHOCOLATE STRIKER,753,429,秋田県,2132,AJI.,秋田県,3676,TOROKU,秋田県
EMPRESS,Bahram Attack-猫叉Master Remix-,922,WELCH,秋田県,1889,HARUNA,秋田県,2541,AOTA,秋田県
EMPRESS,B4U(BEMANI FOR YOU MIX),1199,SIXA,秋田県,2260,KOB.CB,秋田県,3367,Y.I.,秋田県
EMPRESS,Arabian Rave Night,1271,SIXA,秋田県,2209,Y.I.,秋田県,2816,Y.I.,秋田県
EMPRESS,ALL MY TURN -このターンに、オレの全てを賭ける-,821,KTR*M,秋田県,1761,HARUNA,秋田県,2444,EOTOKO,秋田県
EMPRESS,ALL I NEED YOUR LOVE,1083,SIXA,秋田県,1653,KOB.CB,秋田県,2025,EOTOKO,秋田県
EMPRESS,3y3s,1311,RH,秋田県,2395,O-KUBO,秋田県,3184,TOROKU,秋田県
SIRIUS,"水上の提督(Short mix from ""幻想水滸伝V"")",647,RH,秋田県,1532,HAYA,秋田県,1986,AOTA,秋田県
SIRIUS,未来のプリズム,660,CAMINO,秋田県,1279,CAMINO,秋田県,1709,AOTA,秋田県
SIRIUS,ワルツ第17番 ト短調”大犬のワルツ”,939,U-TIY,秋田県,2108,HIROMI,秋田県,3018,Y.I.,秋田県
SIRIUS,バビロニア,808,KANI,秋田県,1161,SESAMI,秋田県,1816,KOB.CB,秋田県
SIRIUS,サヨナラ・ヘヴン,899,HARUNA,秋田県,1343,KOB.CB,秋田県,1598,EOTOKO,秋田県
SIRIUS,コスモス,0,,未設定,1488,HARUNA,秋田県,2045,AOTA,秋田県
SIRIUS,たからもの,1218,GGAOS,秋田県,1847,HARUNA,秋田県,2192,KOB.CB,秋田県
SIRIUS,かずあそび,508,OGA8RA,秋田県,1160,JK7KD4,秋田県,1647,EOTOKO,秋田県
SIRIUS,The Story Begins,811,CAMINO,秋田県,1784,HARUNA,秋田県,2347,AOTA,秋田県
SIRIUS,THE LAST STRIKER,1419,KOB.CB,秋田県,1922,KOB.CB,秋田県,2552,Y.I.,秋田県
SIRIUS,Special One,659,A-NE,秋田県,1095,LCHE-D,秋田県,1680,GOMATA,秋田県
SIRIUS,Sorrows,807,-GEAR-,秋田県,1654,-GEAR-,秋田県,2421,JK7KD4,秋田県
SIRIUS,SOLID STATE SQUAD†,0,,未設定,0,,未設定,3441,TOROKU,秋田県
SIRIUS,SOLID STATE SQUAD,879,YUTO,秋田県,2208,AJI.,秋田県,3376,Y.I.,秋田県
SIRIUS,She is my wife,670,KANI,秋田県,1367,HARUNA,秋田県,1891,EOTOKO,秋田県
SIRIUS,Session 1 -Genesis-,462,MISUZU,秋田県,1462,K.AI,秋田県,2304,EOTOKO,秋田県
SIRIUS,Roots of my way!,0,,未設定,1143,NORIKA,秋田県,1955,CRUISE,秋田県
SIRIUS,Red. by Full Metal Jacket,950,TORU.K,秋田県,1982,HARUNA,秋田県,2870,B,秋田県
SIRIUS,Raison d'etre～交差する宿命～,988,KICO,秋田県,2191,EOTOKO,秋田県,2594,EOTOKO,秋田県
SIRIUS,quell～the seventh slave～,918,CAMINO,秋田県,1722,HAPICO,秋田県,2995,TOROKU,秋田県
SIRIUS,Programmed Sun,1086,-GEAR-,秋田県,1749,KANI,秋田県,2436,EOTOKO,秋田県
SIRIUS,NoN-Fiction Story!,532,RIRIA,秋田県,1368,JK7KD4,秋田県,2156,EOTOKO,秋田県
SIRIUS,NEW SENSATION -もう、あなたしか見えない-,1252,SIXA,秋田県,1967,AJI.,秋田県,2539,EOTOKO,秋田県
SIRIUS,mosaic,1447,SIXA,秋田県,2020,AJI.,秋田県,2918,Y.I.,秋田県
SIRIUS,MIRACLE MEETS,922,-GEAR-,秋田県,1474,HARUNA,秋田県,2153,Y.I.,秋田県
SIRIUS,Light Shine,677,DAO-LT,秋田県,973,TSURO,秋田県,1902,Y.I.,秋田県
SIRIUS,Last Burning,870,SIXA,秋田県,1595,KOB.CB,秋田県,2275,AOTA,秋田県
SIRIUS,Keep it-秋葉工房mix-,1023,SIXA,秋田県,1544,DEF,秋田県,1816,AOTA,秋田県
SIRIUS,IN THE NAME OF LOVE,581,U-TIY,秋田県,1163,SATC,秋田県,1870,EOTOKO,秋田県
SIRIUS,Hydrogen Blueback,819,IIDX25,秋田県,1636,HARUNA,秋田県,2234,AOTA,秋田県
SIRIUS,GOLDEN CROSS,1093,-GEAR-,秋田県,1936,HAPICO,秋田県,3264,CODAI,秋田県
SIRIUS,GALGALIM,1434,AJI.,秋田県,1899,HARUNA,秋田県,2233,300036,秋田県
SIRIUS,G59,1771,KOB.CB,秋田県,2255,AJI.,秋田県,3607,CRUISE,秋田県
SIRIUS,EXUSIA,1191,SIXA,秋田県,2565,AJI.,秋田県,3596,TOROKU,秋田県
SIRIUS,Evans,1236,SIXA,秋田県,2135,Y.I.,秋田県,2632,AOTA,秋田県
SIRIUS,eRAseRmOToRpHAntOM,1518,KOB.CB,秋田県,2427,AJI.,秋田県,3098,EOTOKO,秋田県
SIRIUS,Empire State Glory,1112,SIXA,秋田県,1754,HARUNA,秋田県,2526,TOROKU,秋田県
SIRIUS,Elisha,791,RH,秋田県,1458,GOMATA,秋田県,2157,EOTOKO,秋田県
SIRIUS,DROP,527,KEOGH,秋田県,2053,KOB.CB,秋田県,2527,AOTA,秋田県
SIRIUS,DOMINION,1246,SIXA,秋田県,2262,O-KUBO,秋田県,3015,TOROKU,秋田県
SIRIUS,DESIRE,935,SIXA,秋田県,1816,HARUNA,秋田県,2700,TOROKU,秋田県
SIRIUS,Dazzlin' Darlin-秋葉工房mix-,791,-GEAR-,秋田県,1421,HARUNA,秋田県,2046,AOTA,秋田県
SIRIUS,DAWN -THE NEXT ENDEAVOUR-,1613,KOB.CB,秋田県,2619,KOB.CB,秋田県,3052,Y.I.,秋田県
SIRIUS,D,1321,KOB.CB,秋田県,1814,AJI.,秋田県,2353,Y.I.,秋田県
SIRIUS,CaptivAte～裁き～(SUBLIME TECHNO MIX),1020,SIXA,秋田県,1582,HARUNA,秋田県,2372,AOTA,秋田県
SIRIUS,bloomin' feeling,1228,SIXA,秋田県,1928,Y.I.,秋田県,2473,TOROKU,秋田県
SIRIUS,being torn the sky,537,AKA.,秋田県,1128,HN0123,秋田県,1951,AOTA,秋田県
SIRIUS,BEAUTIFUL ANGEL,472,KEOGH,秋田県,1766,HARUNA,秋田県,2416,AOTA,秋田県
SIRIUS,beatchic☆仮面～好き、でいさせて～,890,MINT,秋田県,1580,HARUNA,秋田県,1972,AOTA,秋田県
SIRIUS,bass 2 bass,646,0WATON,秋田県,1246,AJI.,秋田県,1784,Y.I.,秋田県
SIRIUS,Bad Maniacs,1224,BUNGE,秋田県,1846,TOROKU,秋田県,3062,TOROKU,秋田県
SIRIUS,Almagest,1003,AJI.,秋田県,2101,AOTA,秋田県,2924,TOROKU,秋田県
SIRIUS,AIR RAID FROM THA UNDAGROUND,1067,RH,秋田県,1512,1MB,秋田県,2266,AOTA,秋田県
Resort Anthem,黒髪乱れし修羅となりて,745,OGA8RA,秋田県,1986,HAPICO,秋田県,3264,AOTA,秋田県
Resort Anthem,灼熱Beach Side Bunny,1018,SIXA,秋田県,1861,HARUNA,秋田県,2625,EOTOKO,秋田県
Resort Anthem,旅人リラン,1137,SIXA,秋田県,1798,A*RISK,秋田県,2530,Y.I.,秋田県
Resort Anthem,夕焼け ～Fading Day～,994,SIXA,秋田県,2012,TOROKU,秋田県,2670,TOROKU,秋田県
Resort Anthem,中華急行,326,TORU.K,秋田県,1493,EULECA,秋田県,2248,AOTA,秋田県
Resort Anthem,かげぬい ～ Ver.BENIBOTAN ～,866,SIXA,秋田県,1287,KANI,秋田県,1818,EOTOKO,秋田県
Resort Anthem,おおきなこえで,371,90GNIZ,秋田県,923,NAS,秋田県,1442,HARUNA,秋田県
Resort Anthem,ZETA～素数の世界と超越者～,457,KEOGH,秋田県,2087,KOB.CB,秋田県,3014,EOTOKO,秋田県
Resort Anthem,XANADU OF TWO,996,SIXA,秋田県,1658,KANI,秋田県,2634,EOTOKO,秋田県
Resort Anthem,Wuv U,398,GOMATA,秋田県,1258,AZSA.M,秋田県,1638,O-KUBO,秋田県
Resort Anthem,WISE UP!,474,CAMINO,秋田県,1002,IIDX25,秋田県,1550,AOTA,秋田県
Resort Anthem,WE LOVE SHONAN,724,KKR,秋田県,1577,DEF,秋田県,2052,AOTA,秋田県
Resort Anthem,Watch Out Pt.2,996,YUTO,秋田県,1842,HARUNA,秋田県,2608,EOTOKO,秋田県
Resort Anthem,Vermillion,447,KEOGH,秋田県,1106,AZSA.M,秋田県,1989,AOTA,秋田県
Resort Anthem,Tropical April,1577,HARUNA,秋田県,2125,EULECA,秋田県,2624,AOTA,秋田県
Resort Anthem,THE FALLEN,706,A-NE,秋田県,1478,HARUNA,秋田県,2538,AOTA,秋田県
Resort Anthem,THE DOOR INTO RAINBOW,673,WELCH,秋田県,1624,HARUNA,秋田県,2020,EOTOKO,秋田県
Resort Anthem,THE BLACK KNIGHT,785,ZOO,秋田県,1939,2*RAMI,秋田県,2769,Y.I.,秋田県
Resort Anthem,STELLAR WIND,510,FLOW,秋田県,1758,DEF,秋田県,2517,TOROKU,秋田県
Resort Anthem,Stay my side,614,OGA8RA,秋田県,900,ZOO,秋田県,1316,EOTOKO,秋田県
Resort Anthem,SPECIAL SUMMER CAMPAIGN!,712,-GEAR-,秋田県,1497,O-KUBO,秋田県,2804,Y.I.,秋田県
Resort Anthem,Space Time,424,KICO,秋田県,1620,HARUNA,秋田県,2094,AOTA,秋田県
Resort Anthem,Session 9 -Chronicles-,636,ABFRYA,秋田県,2208,O-KUBO,秋田県,3354,EOTOKO,秋田県
Resort Anthem,sakura storm,1036,SIXA,秋田県,1263,O-KUBO,秋田県,2263,Y.I.,秋田県
Resort Anthem,Sakura Reflection,472,HARUNA,秋田県,1600,Y.I.,秋田県,2317,Y.I.,秋田県
Resort Anthem,SABER WING,460,ZOO,秋田県,1808,AJI.,秋田県,2728,Y.I.,秋田県
Resort Anthem,Rock Da House,884,SIXA,秋田県,1554,EULECA,秋田県,2168,AOTA,秋田県
Resort Anthem,reunion,1370,HARUNA,秋田県,2330,Y.I.,秋田県,3037,Y.I.,秋田県
Resort Anthem,Programmed Life,1087,SIXA,秋田県,1734,KUWA,秋田県,2284,AOTA,秋田県
Resort Anthem,perditus†paradisus,1206,SIXA,秋田県,2408,AOTA,秋田県,3578,TOROKU,秋田県
Resort Anthem,passionate fate,1132,SIXA,秋田県,1532,HARUNA,秋田県,2045,AOTA,秋田県
Resort Anthem,PARADISE LOST,1365,SIXA,秋田県,2260,Y.I.,秋田県,3097,TOROKU,秋田県
Resort Anthem,Never Fade Away,770,SIXA,秋田県,1722,HARUNA,秋田県,2865,TOROKU,秋田県
Resort Anthem,Mermaid girl,977,SIXA,秋田県,1623,GOMATA,秋田県,2179,Y.I.,秋田県
Resort Anthem,Medicine of love,524,MINT,秋田県,1069,HARUNA,秋田県,1686,GOMATA,秋田県
Resort Anthem,Love km,400,TAKENO,秋田県,1374,HARUNA,秋田県,2156,EOTOKO,秋田県
Resort Anthem,Let The Track Flow,1090,SIXA,秋田県,1771,HARUNA,秋田県,2534,EOTOKO,秋田県
Resort Anthem,Kailua,429,LCHE-D,秋田県,1271,HARUNA,秋田県,2041,EOTOKO,秋田県
Resort Anthem,I FIGHT ME,550,MIYA,秋田県,1369,AZSA.M,秋田県,2091,AOTA,秋田県
Resort Anthem,Golden Palms†,0,,未設定,0,,未設定,2293,Y.I.,秋田県
Resort Anthem,Golden Palms,629,KEOGH,秋田県,1421,HARUNA,秋田県,1900,AOTA,秋田県
Resort Anthem,Fantasia,366,SRKM,秋田県,1500,KUWA,秋田県,2193,AOTA,秋田県
Resort Anthem,Everlasting Resort,848,HARUNA,秋田県,1209,HAYA,秋田県,1811,AOTA,秋田県
Resort Anthem,Eternal Tears,423,KANI,秋田県,1004,90GNIZ,秋田県,1336,Y.I.,秋田県
Resort Anthem,Energy Drive,727,IIDX25,秋田県,1433,AJI.,秋田県,2080,EOTOKO,秋田県
Resort Anthem,ELECTRIC MASSIVE DIVER,1330,KOB.CB,秋田県,2398,AJI.,秋田県,3490,EOTOKO,秋田県
Resort Anthem,DM STAR～関西 energy style～,1101,SIXA,秋田県,1847,HARUNA,秋田県,2321,AOTA,秋田県
Resort Anthem,Destiny Sword,873,SIXA,秋田県,1723,AJI.,秋田県,2272,AOTA,秋田県
Resort Anthem,DAYDREAMER,1170,SIXA,秋田県,1671,HARUNA,秋田県,2485,EOTOKO,秋田県
Resort Anthem,Dances with Snow Fairies,1387,SIXA,秋田県,2095,O-KUBO,秋田県,2894,Y.I.,秋田県
Resort Anthem,BROKEN EDEN,1060,SIXA,秋田県,1640,HARUNA,秋田県,2272,Y.I.,秋田県
Resort Anthem,Broken,1068,SIXA,秋田県,2006,KOB.CB,秋田県,3014,TOROKU,秋田県
Resort Anthem,Breaking the ground,1177,SIXA,秋田県,1725,DEF,秋田県,2447,GOMATA,秋田県
Resort Anthem,Bounce Bounce Bounce,799,ITK,秋田県,1617,AJI.,秋田県,2312,AOTA,秋田県
Resort Anthem,BLUST OF WIND,796,HARUNA,秋田県,1417,180106,秋田県,2036,TOROKU,秋田県
Resort Anthem,Believe In Me,1046,SIXA,秋田県,1696,NYNTIK,秋田県,2294,EOTOKO,秋田県
Resort Anthem,ANTHEM LANDING,957,SIXA,秋田県,1899,AJI.,秋田県,2845,CENT,秋田県
Resort Anthem,Answer,608,KEOGH,秋田県,1389,HAYA,秋田県,2326,Y.I.,秋田県
Resort Anthem,ALBIDA,1104,SIXA,秋田県,1914,TOROKU,秋田県,2817,TOROKU,秋田県
Resort Anthem,Aegis,884,SIXA,秋田県,1331,AJI.,秋田県,2219,TOROKU,秋田県
Lincle,陽炎,493,OINARI,秋田県,1000,WELCH,秋田県,1934,A-BE*Q,秋田県
Lincle,衰色小町メランコリア,715,A-NE,秋田県,1338,S-I-N,秋田県,2257,KOB.CB,秋田県
Lincle,蛇神,650,WELCH,秋田県,1308,HN0123,秋田県,2692,TOROKU,秋田県
Lincle,聖人の塔,915,HARUNA,秋田県,1935,TOROKU,秋田県,2795,Y.I.,秋田県
Lincle,突撃!ガラスのニーソ姫!,640,GOMATA,秋田県,1110,LARK9,秋田県,2050,Y.I.,秋田県
Lincle,恋する☆宇宙戦争っ！！,839,G-R,秋田県,1702,HAPICO,秋田県,3384,CRUISE,秋田県
Lincle,子供の落書き帳,686,SNOW,秋田県,1822,TAKAMI,秋田県,2411,EOTOKO,秋田県
Lincle,天空の夜明け,1354,-GEAR-,秋田県,2051,GOMATA,秋田県,3740,TOROKU,秋田県
Lincle,君のハートにロックオン,508,ITK,秋田県,1651,HARUNA,秋田県,2513,AOTA,秋田県
Lincle,ユミル,563,WELCH,秋田県,1328,HARUNA,秋田県,2697,AOTA,秋田県
Lincle,ビューティフルレシート,511,-GEAR-,秋田県,1117,YUTO,秋田県,1838,EOTOKO,秋田県
Lincle,Yellow Sunrise,655,WELCH,秋田県,1385,AZSA.M,秋田県,2202,CENT,秋田県
Lincle,yellow head joe,709,ABFRYA,秋田県,1390,CAMINO,秋田県,2195,300036,秋田県
Lincle,YAKSHA,1236,SIXA,秋田県,2178,HARUNA,秋田県,3615,TOROKU,秋田県
Lincle,WONDER WALKER,781,LCHE-D,秋田県,1879,O-KUBO,秋田県,3597,TOROKU,秋田県
Lincle,Voxane,589,RH,秋田県,1160,HAYA,秋田県,1678,EOTOKO,秋田県
Lincle,Todestrieb,1099,SIXA,秋田県,1855,KANI,秋田県,3299,CRUISE,秋田県
Lincle,TITANS RETURN,496,WELCH,秋田県,1472,HARUNA,秋田県,2351,AOTA,秋田県
Lincle,Thunderbolt,1036,SIXA,秋田県,1796,GAME,秋田県,3546,TOROKU,秋田県
Lincle,The Sampling Paradise,658,90GNIZ,秋田県,1740,KUWA,秋田県,2813,AOTA,秋田県
Lincle,The Limbo,1173,SIXA,秋田県,1856,HAPICO,秋田県,3157,TOROKU,秋田県
Lincle,Star Trail,570,OGA8RA,秋田県,849,IIDX25,秋田県,1770,AOTA,秋田県
Lincle,Snow Goose,341,RITT,秋田県,1326,HARUNA,秋田県,2326,EOTOKO,秋田県
Lincle,Snake Stick,976,NYA.C,秋田県,1910,HARUNA,秋田県,2442,AOTA,秋田県
Lincle,SHADE,1089,SIXA,秋田県,1943,HARUNA,秋田県,2809,TOROKU,秋田県
Lincle,Several Words,532,KEOGH,秋田県,1413,DEF,秋田県,2132,AOTA,秋田県
Lincle,Scharfrichter,738,LUKE,秋田県,1572,EULECA,秋田県,2793,Y.I.,秋田県
Lincle,SA.YO.NA.RA. SUPER STAR,366,IIDX25,秋田県,1217,HARUNA,秋田県,1607,EOTOKO,秋田県
Lincle,Round and Round,674,LCHE-D,秋田県,1144,OGA8RA,秋田県,2096,Y.I.,秋田県
Lincle,RESISTANCE,582,PRSN,秋田県,1233,YUTO,秋田県,2329,AOTA,秋田県
Lincle,Release The Music,563,ITK,秋田県,1291,LCHE-D,秋田県,2031,AOTA,秋田県
Lincle,Quick Silver,625,10PRA,秋田県,1717,KANI,秋田県,2527,-GEAR-,秋田県
Lincle,quaver♪,583,AA,秋田県,2060,AU-MIN,秋田県,3246,AOTA,秋田県
Lincle,QUANTUM TELEPORTATION†,0,,未設定,0,,未設定,3280,TOROKU,秋田県
Lincle,QUANTUM TELEPORTATION,1378,HARUNA,秋田県,2085,KANI,秋田県,2790,Y.I.,秋田県
Lincle,prompt,785,KEOGH,秋田県,1515,HARUNA,秋田県,2663,GOMATA,秋田県
Lincle,Phoenix,889,SIXA,秋田県,1140,SIXA,秋田県,2338,AOTA,秋田県
Lincle,NNRT,1066,TSURO,秋田県,2415,KOB.CB,秋田県,3378,TOROKU,秋田県
Lincle,Miami Sunset Drive,573,ABFRYA,秋田県,1004,HARUNA,秋田県,1580,EOTOKO,秋田県
Lincle,Mermaid girl-秋葉工房 MIX-,732,OKASHI,秋田県,1246,AZSA.M,秋田県,2025,Y.I.,秋田県
Lincle,Lucky Days,468,OINARI,秋田県,1473,HARUNA,秋田県,2078,EOTOKO,秋田県
Lincle,LOVE B.B.B,736,YUTO,秋田県,1443,HARUNA,秋田県,1970,AOTA,秋田県
Lincle,Liquid Crystal Girl feat. echo,328,OINARI,秋田県,1081,HARUNA,秋田県,1921,JK7KD4,秋田県
Lincle,LETHEBOLG ～双神威に斬り咲けり～,729,000OOO,秋田県,1588,CAMINO,秋田県,2160,TOROKU,秋田県
Lincle,LAX5 feat.Ryota Yoshinari,1065,SIXA,秋田県,2089,KOB.CB,秋田県,2754,Y.I.,秋田県
Lincle,Infinite cave,819,ZOO,秋田県,1468,HARUNA,秋田県,1964,AOTA,秋田県
Lincle,In the Blackest Den,703,ITK,秋田県,1507,HARUNA,秋田県,2452,AOTA,秋田県
Lincle,I'm so Happy,403,TORU.K,秋田県,1304,KANI,秋田県,2213,AOTA,秋田県
Lincle,HAERETICUS,644,SARYO,秋田県,1802,GOMATA,秋田県,2857,TOROKU,秋田県
Lincle,Follow Tomorrow,680,OINARI,秋田県,1476,AJI.,秋田県,2187,AOTA,秋田県
Lincle,Flip Flap,547,SRKM,秋田県,1241,GGAOS,秋田県,2184,GOMATA,秋田県
Lincle,fffff,810,KANI,秋田県,1991,Y.I.,秋田県,2928,Y.I.,秋田県
Lincle,Far east nightbird,487,EULECA,秋田県,1334,-GEAR-,秋田県,1957,AOTA,秋田県
Lincle,F,853,KEOGH,秋田県,2039,A*RISK,秋田県,3313,TOROKU,秋田県
Lincle,Express Emotion,685,SARYO,秋田県,1028,POKEGO,秋田県,2459,Y.I.,秋田県
Lincle,Drive Me Crazy,672,NAS,秋田県,1360,KANI,秋田県,2235,-GEAR-,秋田県
Lincle,DIAVOLO,1266,SIXA,秋田県,1837,Y.I.,秋田県,2894,TOROKU,秋田県
Lincle,Change the World,782,ABFRYA,秋田県,976,KEOGH,秋田県,1773,-GEAR-,秋田県
Lincle,Castle on the Moon,564,REVEL,秋田県,1393,*M*,秋田県,2282,Y.I.,秋田県
Lincle,CALL,362,KANI,秋田県,716,ALEPH,秋田県,1429,B,秋田県
Lincle,BLACK.by X-Cross Fade,1000,SIXA,秋田県,2101,HARUNA,秋田県,2924,EOTOKO,秋田県
Lincle,ANAGRAMS I to Y,884,HARUNA,秋田県,1654,KOB.CB,秋田県,2401,GOMATA,秋田県
Lincle,Almace,624,A,秋田県,1267,HARUNA,秋田県,1889,O-KUBO,秋田県
Lincle,A MINSTREL ～ ver. short-scape ～,589,ALEPH,秋田県,1438,AJI.,秋田県,2299,HARUNA,秋田県
Lincle,532nm,550,HARUNA,秋田県,1173,HN0123,秋田県,2519,AOTA,秋田県
Lincle,24th Century BOY,761,AU-MIN,秋田県,1825,HARUNA,秋田県,2728,TOROKU,秋田県
tricoro,龍と少女とデコヒーレンス†,0,,未設定,0,,未設定,3181,TOROKU,秋田県
tricoro,龍と少女とデコヒーレンス,648,MTK,秋田県,1567,HARUNA,秋田県,2858,CODAI,秋田県
tricoro,音楽,820,YUTO,秋田県,1920,Y.I.,秋田県,2634,EOTOKO,秋田県
tricoro,狂イ咲ケ焔ノ華,1224,SIXA,秋田県,2335,HAPICO,秋田県,3453,Y.I.,秋田県
tricoro,梅雪夜,879,SIXA,秋田県,1406,AZSA.M,秋田県,2090,AOTA,秋田県
tricoro,朧†,0,,未設定,0,,未設定,2472,EOTOKO,秋田県
tricoro,朧,765,AU-MIN,秋田県,1452,AZSA.M,秋田県,2068,AOTA,秋田県
tricoro,即席！脳直★ミュージックシステム,1032,SIXA,秋田県,1912,TOROKU,秋田県,3380,TOROKU,秋田県
tricoro,創世ノート,801,HAYA,秋田県,1713,BASTET,秋田県,2884,TOROKU,秋田県
tricoro,仮想空間の旅人たち†,0,,未設定,0,,未設定,3613,CODAI,秋田県
tricoro,仮想空間の旅人たち,1154,SIXA,秋田県,2166,TOROKU,秋田県,2793,Y.I.,秋田県
tricoro,下弦の月,923,SIXA,秋田県,1402,AZSA.M,秋田県,1907,EOTOKO,秋田県
tricoro,ラキラキ,533,429,秋田県,1345,KANI,秋田県,1878,EOTOKO,秋田県
tricoro,メイメツ、フラグメンツ,516,OINARI,秋田県,1273,HARUNA,秋田県,1908,AOTA,秋田県
tricoro,トリカゴノ鳳凰,1139,SIXA,秋田県,2021,TOROKU,秋田県,3516,TOROKU,秋田県
tricoro,シュレーディンガーの猫,1117,-GEAR-,秋田県,2366,TOROKU,秋田県,3193,EOTOKO,秋田県
tricoro,キャトられ恋はモ～モク,1479,KOB.CB,秋田県,2521,AOTA,秋田県,3615,TOROKU,秋田県
tricoro,カジノファイヤーことみちゃん,549,WELCH,秋田県,1341,HAPICO,秋田県,2280,AOTA,秋田県
tricoro,アストライアの双皿,639,RH,秋田県,2094,KOB.CB,秋田県,2917,EOTOKO,秋田県
tricoro,たまゆら,1166,SIXA,秋田県,1831,TOROKU,秋田県,2582,AOTA,秋田県
tricoro,お米の美味しい炊き方、そしてお米を食べることによるその効果。,871,SIXA,秋田県,1363,OXY-R,秋田県,2105,EOTOKO,秋田県
tricoro,†渚の小悪魔ラヴリィ～レイディオ†(IIDX EDIT),484,NORIKA,秋田県,1611,TOROKU,秋田県,3270,TOROKU,秋田県
tricoro,ΕΛΠΙΣ,1145,SIXA,秋田県,1985,TAKAMI,秋田県,2969,AOTA,秋田県
tricoro,Zirkfied,1010,SIXA,秋田県,1960,AOTA,秋田県,3588,TOROKU,秋田県
tricoro,ZED,899,OGA8RA,秋田県,1663,AJI.,秋田県,2648,Y.I.,秋田県
tricoro,YELLOW FROG from Steel Chronicle,560,HARUNA,秋田県,1245,HARUNA,秋田県,1857,EOTOKO,秋田県
tricoro,VEGA,1132,SIXA,秋田県,1981,EULECA,秋田県,2957,AOTA,秋田県
tricoro,VALLIS-NERIA,1182,SIXA,秋田県,1969,DEF,秋田県,2834,TOROKU,秋田県
tricoro,Valanga,1307,SIXA,秋田県,2073,-GEAR-,秋田県,3044,OTONEC,秋田県
tricoro,True Blue,1086,SIXA,秋田県,2445,KOB.CB,秋田県,3530,CRUISE,秋田県
tricoro,To my star,505,MIYA,秋田県,1096,TSURO,秋田県,1716,-GEAR-,秋田県
tricoro,Timepiece phase II (CN Ver.),941,SIXA,秋田県,1807,Y.I.,秋田県,2672,EOTOKO,秋田県
tricoro,Timepiece phase II,1058,SIXA,秋田県,2033,Y.I.,秋田県,2991,TOROKU,秋田県
tricoro,Time To Empress,893,HARUNA,秋田県,1853,2*RAMI,秋田県,2503,AOTA,秋田県
tricoro,Thor's Hammer,806,LCHE-D,秋田県,1706,HARUNA,秋田県,2692,TOROKU,秋田県
tricoro,Take My Life,954,SIXA,秋田県,1550,HARUNA,秋田県,2739,Y.I.,秋田県
tricoro,Synergy For Angels,746,MIYA,秋田県,1631,HARUNA,秋田県,2664,AOTA,秋田県
tricoro,SYNC-ANTHEM,945,SIXA,秋田県,2373,KOB.CB,秋田県,3400,AOTA,秋田県
tricoro,STULTI,542,IM*SIK,秋田県,1472,A*RISK,秋田県,2501,TOROKU,秋田県
tricoro,Sol Cosine Job 2,980,G-R,秋田県,1601,HAPICO,秋田県,2956,TOROKU,秋田県
tricoro,SHION,554,LCHE-D,秋田県,1301,SIXA,秋田県,2646,Y.I.,秋田県
tricoro,Shining World,1234,SIXA,秋田県,1537,HARUNA,秋田県,1913,HARUNA,秋田県
tricoro,Saturn,1235,180106,秋田県,1993,TOROKU,秋田県,2499,AOTA,秋田県
tricoro,S!ck,693,RUSSIL,秋田県,1539,Y.I.,秋田県,2550,AOTA,秋田県
tricoro,rumrum triplets,741,ZUIH,秋田県,1946,KOB.CB,秋田県,2895,Y.I.,秋田県
tricoro,Re:GENERATION,942,SIXA,秋田県,1446,CAMINO,秋田県,2168,GUNDAM,秋田県
tricoro,Rainbow after snow,639,SARYO,秋田県,1441,AZSA.M,秋田県,2127,EOTOKO,秋田県
tricoro,Proof of the existence,1174,SIXA,秋田県,1998,GOMATA,秋田県,3013,TOROKU,秋田県
tricoro,Praludium,582,MTK,秋田県,1370,HARUNA,秋田県,2227,AOTA,秋田県
tricoro,POINT ZERO,634,429,秋田県,1122,RH,秋田県,1997,AOTA,秋田県
tricoro,planarian,543,SARYO,秋田県,1648,HARUNA,秋田県,2446,EOTOKO,秋田県
tricoro,Plan 8,1147,SIXA,秋田県,2073,AOTA,秋田県,2835,EOTOKO,秋田県
tricoro,New Lights,1045,SIXA,秋田県,1751,HARUNA,秋田県,2401,EOTOKO,秋田県
tricoro,New Decade IIDX Edition,949,HARUNA,秋田県,1735,KANI,秋田県,2920,Y.I.,秋田県
tricoro,neu,963,NAGIGI,秋田県,2081,NYA.C,秋田県,3746,TOROKU,秋田県
tricoro,Neonlights,649,AKAMA,秋田県,1554,HARUNA,秋田県,2131,AOTA,秋田県
tricoro,mnemoniq,508,OGA8RA,秋田県,480,KEOGH,秋田県,1249,MGR*,秋田県
tricoro,LUV CAN SAVE U†,0,,未設定,0,,未設定,2679,AOTA,秋田県
tricoro,LUV CAN SAVE U,560,HARUNA,秋田県,1284,USA0,秋田県,2070,AOTA,秋田県
tricoro,Little Star,978,SIXA,秋田県,1652,NYA.C,秋田県,3005,TOROKU,秋田県
tricoro,Light and Cyber…,1051,SIXA,秋田県,1966,HARUNA,秋田県,2997,AOTA,秋田県
tricoro,Liberation,1501,KOB.CB,秋田県,2327,KOB.CB,秋田県,3570,EOTOKO,秋田県
tricoro,JOMANDA,903,NORIKA,秋田県,2336,KOB.CB,秋田県,3251,AOTA,秋田県
tricoro,In Heaven,756,SIXA,秋田県,1429,AZSA.M,秋田県,2073,Y.I.,秋田県
tricoro,Illegal Function Call,775,LCHE-D,秋田県,1714,Y.I.,秋田県,2510,AOTA,秋田県
tricoro,ILIAS,403,NAO,秋田県,1267,HARUNA,秋田県,2128,AOTA,秋田県
tricoro,I know You know,439,A-NE,秋田県,1060,RETRY,秋田県,1754,EOTOKO,秋田県
tricoro,Howling†,0,,未設定,0,,未設定,2527,EOTOKO,秋田県
tricoro,Howling,539,CAMINO,秋田県,1189,TSURO,秋田県,2010,EOTOKO,秋田県
tricoro,Hollywood Galaxy,1090,SIXA,秋田県,1968,Y.I.,秋田県,2566,TOROKU,秋田県
tricoro,GRADIUS 2012,892,TORU.K,秋田県,1612,HARUNA,秋田県,2567,EOTOKO,秋田県
tricoro,GAIA,793,U-TIY,秋田県,2164,Y.I.,秋田県,3116,TOROKU,秋田県
tricoro,Fly you to the star,764,KANI,秋田県,1597,HARUNA,秋田県,2210,AOTA,秋田県
tricoro,FLOWER,1108,-GEAR-,秋田県,1747,HARUNA,秋田県,2742,AOTA,秋田県
tricoro,examination leave,1136,SIXA,秋田県,1753,KUTU,秋田県,3285,AOTA,秋田県
tricoro,Elemental Creation,1379,ABFRYA,秋田県,2273,HAPICO,秋田県,3804,OTONEC,秋田県
tricoro,Devilz Staircase,535,IIDX25,秋田県,2103,GOMATA,秋田県,3065,TOROKU,秋田県
tricoro,DAY DREAM,536,A-BE*Q,秋田県,1217,TOROKU,秋田県,1838,TOROKU,秋田県
tricoro,Cookie Bouquets,877,SIXA,秋田県,2033,HARUNA,秋田県,3260,TOROKU,秋田県
tricoro,connective,380,MAFUTU,秋田県,894,KEOGH,秋田県,1554,POKEGO,秋田県
tricoro,Confiserie,820,SORAJI,秋田県,2072,Y.I.,秋田県,3348,TOROKU,秋田県
tricoro,CONCEPTUAL,708,KTR*M,秋田県,1319,AJI.,秋田県,2600,AOTA,秋田県
tricoro,BRAVE GLOW,505,KEOGH,秋田県,1630,HARUNA,秋田県,2422,EOTOKO,秋田県
tricoro,BLUE STRAGGLER,702,MINT,秋田県,1219,ABFRYA,秋田県,2497,AOTA,秋田県
tricoro,Beastie Starter,421,OINARI,秋田県,1201,300036,秋田県,2029,Y.I.,秋田県
tricoro,Ascalon,733,FLOW,秋田県,1756,KOB.CB,秋田県,2189,EOTOKO,秋田県
tricoro,8bit Princess,642,TORU.K,秋田県,1365,KOB.CB,秋田県,2572,TOROKU,秋田県
tricoro,405nm (Ryu☆mix),918,POKEGO,秋田県,1640,MIZ,秋田県,2459,Y.I.,秋田県
SPADA,轟け！恋のビーンボール！！,1041,SIXA,秋田県,1923,Y.I.,秋田県,3278,Y.I.,秋田県
SPADA,超!!遠距離らぶメ～ル,504,WELCH,秋田県,1533,KOB.CB,秋田県,2527,AOTA,秋田県
SPADA,罪と罰,1087,SIXA,秋田県,1351,HARUNA,秋田県,2092,CENT,秋田県
SPADA,疾風迅雷†LEGGENDARIA,0,,未設定,0,,未設定,3169,TOROKU,秋田県
SPADA,疾風迅雷,1151,SIXA,秋田県,1954,AOTA,秋田県,2732,TOROKU,秋田県
SPADA,牧神笛吹きて,676,AU-MIN,秋田県,1135,SESAMI,秋田県,1976,AOTA,秋田県
SPADA,煉獄のエルフェリア,1280,SIXA,秋田県,2232,Y.I.,秋田県,3588,TOROKU,秋田県
SPADA,海神,1133,SIXA,秋田県,2047,AOTA,秋田県,2996,TOROKU,秋田県
SPADA,旋律のドグマ～Miserables～,1252,SIXA,秋田県,2443,KOB.CB,秋田県,3768,TOROKU,秋田県
SPADA,廿†,0,,未設定,0,,未設定,2930,EOTOKO,秋田県
SPADA,廿,596,000OOO,秋田県,1601,HAPICO,秋田県,2185,EOTOKO,秋田県
SPADA,幻想系世界修復少女,622,HAYA,秋田県,978,MIHO,秋田県,1905,GOMATA,秋田県
SPADA,バンブーソード・ガール,1009,SIXA,秋田県,1808,Y.I.,秋田県,2290,AOTA,秋田県
SPADA,デッドボヲルdeホームラン,510,WELCH,秋田県,1470,AZSA.M,秋田県,2587,Y.I.,秋田県
SPADA,アルストロメリア,968,SIXA,秋田県,1377,MOHI,秋田県,2365,AOTA,秋田県
SPADA,お願いアインシュタイン,904,SIXA,秋田県,1235,NABE,秋田県,2054,AOTA,秋田県
SPADA,Wonder Girl feat. Kanae Asaba,723,SIXA,秋田県,1216,AU-MIN,秋田県,2691,TOROKU,秋田県
SPADA,VOX UP,1418,HAPICO,秋田県,2643,Y.I.,秋田県,3299,TOROKU,秋田県
SPADA,Verflucht†LEGGENDARIA,0,,未設定,0,,未設定,4302,TOROKU,秋田県
SPADA,Verflucht,1265,HARUNA,秋田県,2075,Y.I.,秋田県,3380,TOROKU,秋田県
SPADA,Valgus,567,WELCH,秋田県,1285,AZSA.M,秋田県,2257,EOTOKO,秋田県
SPADA,Unicorn tail,846,AU-MIN,秋田県,1909,S-I-N,秋田県,3012,AOTA,秋田県
SPADA,THE DETONATOR,1607,KOB.CB,秋田県,2396,KOB.CB,秋田県,3000,AOTA,秋田県
SPADA,Squeeze,810,HAYA,秋田県,1352,KANI,秋田県,2308,CRUISE,秋田県
SPADA,Sigmund†LEGGENDARIA,0,,未設定,0,,未設定,3852,EOTOKO,秋田県
SPADA,Sigmund,1560,-GEAR-,秋田県,2261,Y.I.,秋田県,3471,TOROKU,秋田県
SPADA,SCHWARZSCHILD FIELD,899,HARUNA,秋田県,1531,A-BE*Q,秋田県,2226,EOTOKO,秋田県
SPADA,RIZING YOU UP,1056,SIXA,秋田県,2069,HARUNA,秋田県,2489,GOMATA,秋田県
SPADA,RISE,722,IIDX25,秋田県,1335,EOTOKO,秋田県,1798,AOTA,秋田県
SPADA,refractive index,508,OINARI,秋田県,1377,AZSA.M,秋田県,2600,Y.I.,秋田県
SPADA,Recollection,1167,SIXA,秋田県,1749,POKEGO,秋田県,2167,KOB.CB,秋田県
SPADA,rainbow guitar weeps,860,ZOO,秋田県,1757,EULECA,秋田県,2614,AOTA,秋田県
SPADA,ra'am,1084,HN0123,秋田県,1754,HARUNA,秋田県,2488,B,秋田県
SPADA,PUNISHER,1142,SIXA,秋田県,2086,KOB.CB,秋田県,3351,TOROKU,秋田県
SPADA,Pharaoh,538,WELCH,秋田県,1318,KUWA,秋田県,2319,GOMATA,秋田県
SPADA,Overload Frontier,731,HAYA,秋田県,1803,KOB.CB,秋田県,2436,AOTA,秋田県
SPADA,Odin,564,KICO,秋田県,1230,RH,秋田県,2008,AOTA,秋田県
SPADA,NPC World,1026,SIXA,秋田県,1571,HARUNA,秋田県,2184,AOTA,秋田県
SPADA,Miracle 5ympho X,586,FLOW,秋田県,1165,TSURO,秋田県,2538,GOMATA,秋田県
SPADA,MAGIC & LOVE,1019,SIXA,秋田県,1727,ECCHI,秋田県,2800,AOTA,秋田県
SPADA,MAD ATTACK,656,HAYA,秋田県,1115,RETRY,秋田県,1840,EOTOKO,秋田県
SPADA,m1dy Deluxe,1173,SIXA,秋田県,1637,HARUNA,秋田県,2456,Y.I.,秋田県
SPADA,M.D.Injection,582,HAYA,秋田県,1201,HARUNA,秋田県,2274,CODAI,秋田県
SPADA,Lighting Shower,486,000OOO,秋田県,1112,MAFUTU,秋田県,2295,Y.I.,秋田県
SPADA,Last Dance,1183,SIXA,秋田県,1863,HARUNA,秋田県,3031,CENT,秋田県
SPADA,LA FESTA LA VITA!!,799,AU-MIN,秋田県,1631,HARUNA,秋田県,2723,EOTOKO,秋田県
SPADA,KHAMEN BREAK,463,OINARI,秋田県,1292,TORU.K,秋田県,2347,O-KUBO,秋田県
SPADA,KAISER PHOENIX,1327,KOB.CB,秋田県,2068,180106,秋田県,3036,TOROKU,秋田県
SPADA,IX,1267,SIXA,秋田県,2289,Y.I.,秋田県,3622,TOROKU,秋田県
SPADA,invoker†LEGGENDARIA,0,,未設定,0,,未設定,3294,EOTOKO,秋田県
SPADA,invoker,1110,SIXA,秋田県,1845,HAPICO,秋田県,2983,TOROKU,秋田県
SPADA,into the battlefield,720,HAYA,秋田県,1373,CAMINO,秋田県,2320,EOTOKO,秋田県
SPADA,INSOMNIA,708,IZAYOI,秋田県,1789,KOB.CB,秋田県,2939,Y.I.,秋田県
SPADA,Insane Techniques,731,AKAMA,秋田県,1240,HARUNA,秋田県,2386,EOTOKO,秋田県
SPADA,Immortal,940,SIXA,秋田県,1662,EULECA,秋田県,2976,TOROKU,秋田県
SPADA,Idola,1207,SIXA,秋田県,2232,KOB.CB,秋田県,3407,TOROKU,秋田県
SPADA,I will be back -オレは帰ってきた-,907,KKR,秋田県,1810,KANI,秋田県,2798,EOTOKO,秋田県
SPADA,Hypersonik,729,000OOO,秋田県,1673,HARUNA,秋田県,2438,AOTA,秋田県
SPADA,HYENA,1167,SIXA,秋田県,1847,180106,秋田県,2697,AOTA,秋田県
SPADA,Funny shuffle,440,OINARI,秋田県,1088,CAMINO,秋田県,2167,Y.I.,秋田県
SPADA,Feel The Beat†LEGGENDARIA,0,,未設定,0,,未設定,3999,TOROKU,秋田県
SPADA,Feel The Beat,1321,SIXA,秋田県,2090,TAKAMI,秋田県,3369,TOROKU,秋田県
SPADA,EXTREME MACH COLLIDER,967,HAYA,秋田県,1332,LARK9,秋田県,2401,EOTOKO,秋田県
SPADA,esrev:eR,766,-GEAR-,秋田県,1344,-GEAR-,秋田県,1837,TOROKU,秋田県
SPADA,Engraved Mark,736,RH,秋田県,1302,HARUNA,秋田県,2263,EOTOKO,秋田県
SPADA,Element of SPADA,684,TORU.K,秋田県,1306,CAMINO,秋田県,2049,AOTA,秋田県
SPADA,Elektrick U-Phoria,1169,SIXA,秋田県,1911,964.,秋田県,2952,TOROKU,秋田県
SPADA,diagram,617,KANI,秋田県,1214,AZSA.M,秋田県,2673,GOMATA,秋田県
SPADA,Devilz Sacrifice -贖罪の羊-,932,SIXA,秋田県,1713,HARUNA,秋田県,2378,AOTA,秋田県
SPADA,DARK LEGACY,1283,SIXA,秋田県,1970,EULECA,秋田県,3395,TOROKU,秋田県
SPADA,Dark Fall,870,SIXA,秋田県,1459,LARK9,秋田県,2616,AOTA,秋田県
SPADA,Critical Crystal,1092,-GEAR-,秋田県,1823,KOB.CB,秋田県,2807,EOTOKO,秋田県
SPADA,Close the World feat.a☆ru†LEGGENDARIA,0,,未設定,0,,未設定,3580,TOROKU,秋田県
SPADA,Close the World feat. a☆ru,1141,SIXA,秋田県,2037,300036,秋田県,3242,TOROKU,秋田県
SPADA,Cleopatrysm,549,A-NE,秋田県,1367,HARUNA,秋田県,2362,GOMATA,秋田県
SPADA,Claiomh Solais,276,TAKENO,秋田県,1410,KOB.CB,秋田県,2027,EOTOKO,秋田県
SPADA,BRAVE OUT,1032,SIXA,秋田県,1364,LCHE-D,秋田県,2081,EOTOKO,秋田県
SPADA,BRAINSTORM,540,NA,秋田県,1898,GOMATA,秋田県,2633,TOROKU,秋田県
SPADA,BLUE DRAGON(雷龍RemixIIDX),1375,SIXA,秋田県,2130,HARUNA,秋田県,3102,300036,秋田県
SPADA,Atropos,1033,SIXA,秋田県,1587,HARUNA,秋田県,2246,AOTA,秋田県
SPADA,ATHER,1003,SIXA,秋田県,1521,KANI,秋田県,2696,EOTOKO,秋田県
SPADA,Ancient Scapes†LEGGENDARIA,0,,未設定,0,,未設定,3892,OTONEC,秋田県
SPADA,Ancient Scapes,1166,SIXA,秋田県,1998,TOROKU,秋田県,3279,Y.I.,秋田県
SPADA,ALBA -黎明-,587,ABFRYA,秋田県,1497,HARUNA,秋田県,3049,CENT,秋田県
SPADA,Adularia,1054,SIXA,秋田県,1831,TOROKU,秋田県,2712,TOROKU,秋田県
PENDUAL,Ｘ↑Ｘ↓,767,ALEPH,秋田県,1594,CAMINO,秋田県,2739,EOTOKO,秋田県
PENDUAL,鬼天,1005,SIXA,秋田県,1602,TOROKU,秋田県,2310,TOROKU,秋田県
PENDUAL,超青少年ノ為ノ超多幸ナ超古典的超舞曲†,0,,未設定,0,,未設定,3935,TOROKU,秋田県
PENDUAL,超青少年ノ為ノ超多幸ナ超古典的超舞曲,957,MERUEL,秋田県,1924,GALBO#,秋田県,2589,EOTOKO,秋田県
PENDUAL,表裏一体！？怪盗いいんちょの悩み,1122,SIXA,秋田県,2060,HAPICO,秋田県,3428,TOROKU,秋田県
PENDUAL,紅牡丹,1064,SIXA,秋田県,1750,HAPICO,秋田県,2705,EOTOKO,秋田県
PENDUAL,白露の風,457,HARUNA,秋田県,1167,CAMINO,秋田県,1965,GOMATA,秋田県
PENDUAL,時空トラベローグ,1104,SIXA,秋田県,1657,LARK9,秋田県,2509,TOROKU,秋田県
PENDUAL,打打打打打打打打打打,810,SIXA,秋田県,1306,AZSA.M,秋田県,2494,Y.I.,秋田県
PENDUAL,恋は白帯、サンシロー†,0,,未設定,0,,未設定,2673,-GEAR-,秋田県
PENDUAL,恋は白帯、サンシロー,523,TAKENO,秋田県,1221,TORU.K,秋田県,1995,Y.I.,秋田県
PENDUAL,少年は空を辿る,1254,-GEAR-,秋田県,2027,AOTA,秋田県,3085,TOROKU,秋田県
PENDUAL,妖隠し -あやかしかくし-,884,ABFRYA,秋田県,1529,EULECA,秋田県,2111,-GEAR-,秋田県
PENDUAL,夏色DIARY - L.E.D.-G STYLE MIX -,961,SIXA,秋田県,1792,O-KUBO,秋田県,2847,Y.I.,秋田県
PENDUAL,取り残された美術(Arranged:HiZuMi),795,MIHO,秋田県,1645,HARUNA,秋田県,2142,AOTA,秋田県
PENDUAL,千年ノ理,1188,SIXA,秋田県,1915,TOROKU,秋田県,3046,Y.I.,秋田県
PENDUAL,十六夜セツナ,1019,SIXA,秋田県,1609,KOB.CB,秋田県,2134,AOTA,秋田県
PENDUAL,共鳴遊戯の華,1291,SIXA,秋田県,2349,KOB.CB,秋田県,3432,Y.I.,秋田県
PENDUAL,全力 SPECIAL VACATION!! ～限りある休日～,1034,YUTO,秋田県,1570,HARUNA,秋田県,2170,TOROKU,秋田県
PENDUAL,リリーゼと炎龍レーヴァテイン,989,SIXA,秋田県,2173,HARUNA,秋田県,3304,TOROKU,秋田県
PENDUAL,ベィスドロップ・フリークス,596,YUTO,秋田県,1220,AZSA.M,秋田県,2132,AOTA,秋田県
PENDUAL,パ→ピ→プ→Yeah!,1033,SIXA,秋田県,1549,TOROKU,秋田県,2440,CODAI,秋田県
PENDUAL,ドッキン☆サマーあばんちゅーる,945,YUTO,秋田県,1614,180106,秋田県,2673,EOTOKO,秋田県
PENDUAL,デンドロビウム,669,PRSN,秋田県,1418,HN0123,秋田県,2275,AOTA,秋田県
PENDUAL,もっと！モット！ときめき feat. 松下,1366,KOB.CB,秋田県,1958,HARUNA,秋田県,2563,AOTA,秋田県
PENDUAL,ぷろぐれっしぶ時空少女！うらしまたろ子ちゃん！,847,DEF,秋田県,1434,HARUNA,秋田県,2441,300036,秋田県
PENDUAL,とろぴかる倶楽部,439,ITK,秋田県,1312,CAMINO,秋田県,2131,EOTOKO,秋田県
PENDUAL,それは花火のような恋,1267,SIXA,秋田県,2502,TOROKU,秋田県,3611,TOROKU,秋田県
PENDUAL,ZZ,1293,SIXA,秋田県,2008,Y.I.,秋田県,2887,AOTA,秋田県
PENDUAL,We're so Happy (P*Light Remix) IIDX ver.,1097,AKAMA,秋田県,2213,GOMATA,秋田県,3528,TOROKU,秋田県
PENDUAL,Vulkan,763,A-NE,秋田県,1887,KUWA,秋田県,2898,Y.I.,秋田県
PENDUAL,TOXIC VIBRATION,1622,KOB.CB,秋田県,2330,-GEAR-,秋田県,3469,OTONEC,秋田県
PENDUAL,TIEFSEE,1274,SIXA,秋田県,2092,KOB.CB,秋田県,3308,TOROKU,秋田県
PENDUAL,The Least 100sec,713,YUTO,秋田県,1376,HARUNA,秋田県,2708,Y.I.,秋田県
PENDUAL,TA・DA ☆ YO・SHI,1135,SIXA,秋田県,1579,K.AI,秋田県,2184,CRUISE,秋田県
PENDUAL,Symmetry,1142,SIXA,秋田県,2016,GOMATA,秋田県,3105,TOROKU,秋田県
PENDUAL,Sweet Radar,658,HARUNA,秋田県,1342,KANI,秋田県,1969,A-BE*Q,秋田県
PENDUAL,SpaceLand☆TOYBOX,954,ZOO,秋田県,1668,HAPICO,秋田県,2736,EOTOKO,秋田県
PENDUAL,Sounds Of Summer,1253,SIXA,秋田県,2065,Y.I.,秋田県,2838,CRUISE,秋田県
PENDUAL,Shooting Fireball,955,SIXA,秋田県,2132,GOMATA,秋田県,3648,CENT,秋田県
PENDUAL,Scars of FAUNA,858,SIXA,秋田県,1607,KUWA,秋田県,2693,OTONEC,秋田県
PENDUAL,Scarlet Moon,1065,SIXA,秋田県,1807,EULECA,秋田県,2618,EOTOKO,秋田県
PENDUAL,Say YEEEAHH,1130,HARUNA,秋田県,1799,O-KUBO,秋田県,3111,TOROKU,秋田県
PENDUAL,SAMSARA,0,,未設定,1416,HARUNA,秋田県,2003,-GEAR-,秋田県
PENDUAL,Sakura Mirage,991,SIXA,秋田県,1283,HARUNA,秋田県,2189,EOTOKO,秋田県
PENDUAL,Reflux,753,180106,秋田県,1498,HARUNA,秋田県,2814,TOROKU,秋田県
PENDUAL,Realize Maze,1250,SIXA,秋田県,1890,KANI,秋田県,2857,AOTA,秋田県
PENDUAL,Rave*it!! Rave*it!!,987,SIXA,秋田県,1582,AZSA.M,秋田県,2972,GOMATA,秋田県
PENDUAL,Rave Saves You feat. Cardz (Exclusive IIDX Mix),535,IIDX25,秋田県,1411,NYA.C,秋田県,2146,EOTOKO,秋田県
PENDUAL,PENDUAL TALISMAN,1029,SIXA,秋田県,1588,HARUNA,秋田県,2550,Y.I.,秋田県
PENDUAL,On My Wings(Hardstyle IIDX),914,SIXA,秋田県,1231,HARUNA,秋田県,1937,AOTA,秋田県
PENDUAL,No Tears,1188,SIXA,秋田県,2066,KOB.CB,秋田県,2446,Y.I.,秋田県
PENDUAL,Night sky,1164,SIXA,秋田県,1793,AZSA.M,秋田県,2752,300036,秋田県
PENDUAL,NEO GENERATOR SEVEN,787,90GNIZ,秋田県,1804,O-KUBO,秋田県,3082,TOROKU,秋田県
PENDUAL,Monopole.,516,OINARI,秋田県,1559,HAPICO,秋田県,3108,Y.I.,秋田県
PENDUAL,m1dy Festival,907,AU-MIN,秋田県,1396,TSURO,秋田県,2381,Y.I.,秋田県
PENDUAL,Ludus In Tenebris,840,YUTO,秋田県,1965,KANI,秋田県,3241,TOROKU,秋田県
PENDUAL,Line 4 Ruin,622,NYA.C,秋田県,1773,Y.I.,秋田県,2703,TOROKU,秋田県
PENDUAL,IXION,1032,ISSY.L,秋田県,1754,KOB.CB,秋田県,2082,KOB.CB,秋田県
PENDUAL,Invitation from Mr.C,1088,S-I-N,秋田県,1497,GALBO#,秋田県,2537,TOROKU,秋田県
PENDUAL,In The Breeze,637,180106,秋田県,1111,HARUNA,秋田県,1657,EOTOKO,秋田県
PENDUAL,IMPLANTATION,644,HARUNA,秋田県,1618,Y.I.,秋田県,2120,Y.I.,秋田県
PENDUAL,illuminate,487,IIDX25,秋田県,1503,HARUNA,秋田県,2215,EOTOKO,秋田県
PENDUAL,Hello Happiness,886,SIXA,秋田県,1449,GGAOS,秋田県,2193,AOTA,秋田県
PENDUAL,HELL SCAPER -Last Escape Remix-,961,SIXA,秋田県,1741,KOB.CB,秋田県,2694,EOTOKO,秋田県
PENDUAL,GUILTY,933,HARUNA,秋田県,1445,AZSA.M,秋田県,1850,AOTA,秋田県
PENDUAL,Gravigazer,934,180106,秋田県,1742,HAPICO,秋田県,2711,Y.I.,秋田県
PENDUAL,Flashes,827,ZOO,秋田県,1648,K.AI,秋田県,3011,TOROKU,秋田県
PENDUAL,FANTASTIC THREE,1168,RH,秋田県,2066,NYNTIK,秋田県,2996,Y.I.,秋田県
PENDUAL,fallen leaves -IIDX edition-,1042,SESAMI,秋田県,2005,GOMATA,秋田県,3210,TOROKU,秋田県
PENDUAL,Erosion Mark,648,IIDX25,秋田県,1408,AZSA.M,秋田県,2111,AOTA,秋田県
PENDUAL,entelecheia,1031,SIXA,秋田県,2089,AOTA,秋田県,3105,TOROKU,秋田県
PENDUAL,EBONY & IVORY†,0,,未設定,0,,未設定,3047,EOTOKO,秋田県
PENDUAL,EBONY & IVORY,1042,SIXA,秋田県,1638,O-KUBO,秋田県,2789,Y.I.,秋田県
PENDUAL,Discloze,937,DEF,秋田県,1563,HARUNA,秋田県,2526,Y.I.,秋田県
PENDUAL,Despair of ELFERIA,1235,SIXA,秋田県,2367,GOMATA,秋田県,3884,TOROKU,秋田県
PENDUAL,Cosmic Cat†,0,,未設定,0,,未設定,2982,300036,秋田県
PENDUAL,Cosmic Cat,933,SIXA,秋田県,1608,AZSA.M,秋田県,2191,Y.I.,秋田県
PENDUAL,COLOSSEUM,463,ITK,秋田県,1195,HARUNA,秋田県,2232,Y.I.,秋田県
PENDUAL,cinder,594,ITK,秋田県,1915,HARUNA,秋田県,2916,Y.I.,秋田県
PENDUAL,Chronos,854,SIXA,秋田県,1183,BUNGE,秋田県,2198,EULECA,秋田県
PENDUAL,Chrono Diver -PENDULUMs-,1404,-GEAR-,秋田県,2645,Y.I.,秋田県,4071,TOROKU,秋田県
PENDUAL,CHRONO DIVER -NORNIR-†,0,,未設定,0,,未設定,4075,CRUISE,秋田県
PENDUAL,CHRONO DIVER -NORNIR-,1163,SIXA,秋田県,2185,KOB.CB,秋田県,2985,CRUISE,秋田県
PENDUAL,chrono diver -fragment-†,0,,未設定,0,,未設定,2218,AOTA,秋田県
PENDUAL,chrono diver -fragment-,631,MINT,秋田県,1168,AJI.,秋田県,1770,Y.I.,秋田県
PENDUAL,Chain of pain,546,90GNIZ,秋田県,1485,HARUNA,秋田県,2199,AOTA,秋田県
PENDUAL,Broken Sword,1248,SIXA,秋田県,2026,TOROKU,秋田県,3515,AOTA,秋田県
PENDUAL,BLUE MIRAGE,1096,HAPICO,秋田県,1970,HARUNA,秋田県,2750,EOTOKO,秋田県
PENDUAL,Blaze it UP!,967,SIXA,秋田県,1866,KOB.CB,秋田県,2864,Y.I.,秋田県
PENDUAL,Beyond The Earth,1147,YUTO,秋田県,2019,KOB.CB,秋田県,3001,AOTA,秋田県
PENDUAL,Beat Radiance†,0,,未設定,0,,未設定,3405,CRUISE,秋田県
PENDUAL,Beat Radiance,986,SIXA,秋田県,1554,HARUNA,秋田県,2556,CRUISE,秋田県
PENDUAL,Amnolys,821,K.AI,秋田県,1587,AZSA.M,秋田県,2490,AOTA,秋田県
PENDUAL,AFRO KNUCKLE,950,K.AI,秋田県,1732,KOB.CB,秋田県,2332,Y.I.,秋田県
PENDUAL,#The_Relentless,1187,SIXA,秋田県,1937,HARUNA,秋田県,2815,Y.I.,秋田県
copula,麗 ～うらら～,1134,KOB.CB,秋田県,1721,TOROKU,秋田県,2507,EOTOKO,秋田県
copula,駅猫のワルツ,1132,SIXA,秋田県,1969,HIROMI,秋田県,2488,EOTOKO,秋田県
copula,量子の海のリントヴルム,896,NYA.C,秋田県,1718,EULECA,秋田県,2790,AOTA,秋田県
copula,追想快晴テーマパーク,1159,HAYA,秋田県,1976,14MATU,秋田県,2904,EOTOKO,秋田県
copula,紫陽花 -AZISAI-,1270,SIXA,秋田県,1984,GOMATA,秋田県,2693,B,秋田県
copula,真 地獄超特急 -HELL or HELL-,1413,HARUNA,秋田県,2109,HARUNA,秋田県,2838,B,秋田県
copula,炸裂！イェーガー電光チョップ！！(JAEGER FINAL ATTACK),1355,KOB.CB,秋田県,1984,HARUNA,秋田県,2431,EOTOKO,秋田県
copula,灼熱 Pt.2 Long Train Running,1168,CAMINO,秋田県,1981,HARUNA,秋田県,2659,O-KUBO,秋田県
copula,朝焼けから始まるボクらの小さな旅,887,*M*,秋田県,1541,F-YUKI,秋田県,2353,TOROKU,秋田県
copula,星屑ディスタンシア,648,HAYA,秋田県,1164,HAYA,秋田県,2016,AOTA,秋田県
copula,明鏡止水,753,CK.ELI,秋田県,1746,KANI,秋田県,2658,Y.I.,秋田県
copula,少女アリスと箱庭幻想コンチェルト,744,HARUNA,秋田県,1282,LCHE-4,秋田県,2036,B,秋田県
copula,太陽SUNSUNボンジュールアバンチュール,857,NORIKA,秋田県,1676,HARUNA,秋田県,2642,Y.I.,秋田県
copula,セロトニン,1260,HAYA,秋田県,1799,TOROKU,秋田県,2247,300036,秋田県
copula,シュッパツシンコウ・シサカンコ,1124,SIXA,秋田県,1744,HARUNA,秋田県,2376,Y.I.,秋田県
copula,ギョギョっと人魚 爆婚ブライダル,759,HALOKA,秋田県,1383,HARUNA,秋田県,2226,-GEAR-,秋田県
copula,オルタネイトβ,829,SIXA,秋田県,1366,CAMINO,秋田県,2192,AOTA,秋田県
copula,めいさいアイドル☆あいむちゃん♪,1447,SIXA,秋田県,2252,TOROKU,秋田県,3138,TOROKU,秋田県
copula,か・し・ま・し☆PUMP UP！,1106,180106,秋田県,1693,HARUNA,秋田県,2728,Y.I.,秋田県
copula,ZEPHYRANTHES,1009,SIXA,秋田県,1728,EULECA,秋田県,2879,TOROKU,秋田県
copula,X,1587,KOB.CB,秋田県,2383,AOTA,秋田県,3645,TOROKU,秋田県
copula,Wheel of Journey,581,OGA8RA,秋田県,1230,YUTO,秋田県,2058,AOTA,秋田県
copula,Welcome,858,HARUNA,秋田県,1739,HARUNA,秋田県,2454,EOTOKO,秋田県
copula,Violet Rose,1047,TSURO,秋田県,1765,HARUNA,秋田県,2469,AOTA,秋田県
copula,Violet Pulse,409,HAYA,秋田県,1636,HARUNA,秋田県,2341,EOTOKO,秋田県
copula,Uh-Oh,1120,SIXA,秋田県,1637,HARUNA,秋田県,2226,300036,秋田県
copula,Triple Counter,1382,SIXA,秋田県,2187,GOMATA,秋田県,3651,TOROKU,秋田県
copula,Transport,821,IIDX25,秋田県,1475,HARUNA,秋田県,2050,EOTOKO,秋田県
copula,Tori-no-kimochi,252,MAFUTU,秋田県,1218,OGA8RA,秋田県,1910,AOTA,秋田県
copula,To The Paradise,573,ABFRYA,秋田県,1468,HARUNA,秋田県,2038,JK7KD4,秋田県
copula,SURVIVOR,712,SIXA,秋田県,1285,AJI.,秋田県,1968,EOTOKO,秋田県
copula,Super Duper Racers,907,HAYA,秋田県,1546,HARUNA,秋田県,2262,GOMATA,秋田県
copula,StrayedCatz,1078,SIXA,秋田県,1845,HAPICO,秋田県,2616,TOROKU,秋田県
copula,STARLIGHT DANCEHALL†,0,,未設定,0,,未設定,3107,TOROKU,秋田県
copula,STARLIGHT DANCEHALL,1206,SIXA,秋田県,1673,OKOTA,秋田県,2544,EOTOKO,秋田県
copula,STARLiGHT,951,-GEAR-,秋田県,1777,KOB.CB,秋田県,2635,EOTOKO,秋田県
copula,SHELTER OF THE MIND,1425,SIXA,秋田県,1901,HARUNA,秋田県,2909,CODAI,秋田県
copula,Set U Free feat. Kanae Asaba,929,-GEAR-,秋田県,1489,AU-MIN,秋田県,2445,TOROKU,秋田県
copula,Sephirot,686,KEOGH,秋田県,1547,HARUNA,秋田県,2252,AOTA,秋田県
copula,SEITEN NO TERIYAKI,715,HARUNA,秋田県,1250,HARUNA,秋田県,2089,HARUNA,秋田県
copula,Routing,904,CAMINO,秋田県,1542,HARUNA,秋田県,2426,Y.I.,秋田県
copula,Rock It,1161,SIXA,秋田県,1594,180106,秋田県,2808,-GEAR-,秋田県
copula,Ride To The Core,1103,HARUNA,秋田県,1652,AZSA.M,秋田県,2361,EOTOKO,秋田県
copula,refrain,1230,SIXA,秋田県,2258,AOTA,秋田県,3449,TOROKU,秋田県
copula,quick master (reform version),155,MAFUTU,秋田県,354,AJI.,秋田県,523,POKEGO,秋田県
copula,POSSESSION,1338,SIXA,秋田県,2072,Y.I.,秋田県,2894,Y.I.,秋田県
copula,OUTER LIMITS ALTERNATIVE,1094,HAYA,秋田県,1534,HALOKA,秋田県,2571,AOTA,秋田県
copula,Outbreak,1323,SIXA,秋田県,1766,KANI,秋田県,2870,Y.I.,秋田県
copula,On the FM,968,RH,秋田県,1509,NYA.C,秋田県,2643,Y.I.,秋田県
copula,NZM,1015,180106,秋田県,1500,HAPICO,秋田県,3123,TOROKU,秋田県
copula,Nowhere,816,HAYA,秋田県,1353,HARUNA,秋田県,2081,AOTA,秋田県
copula,NO LIMIT -オレ達に限界は無い-,796,HAYA,秋田県,1220,HARUNA,秋田県,2194,Y.I.,秋田県
copula,NINJA IS DEAD IIDX ver.,1208,SIXA,秋田県,1805,AAAAAA,秋田県,2902,TOROKU,秋田県
copula,Nightmare before oversleep,1164,SIXA,秋田県,1857,GOMATA,秋田県,2842,TOROKU,秋田県
copula,NANAIRO,1048,SIXA,秋田県,1706,HARUNA,秋田県,2461,Y.I.,秋田県
copula,Musik LoverZ,1026,HAYA,秋田県,1357,HARUNA,秋田県,2405,AOTA,秋田県
copula,M4K3 1T B0UNC3,1281,DOYAKO,秋田県,2010,GOMATA,秋田県,2843,Y.I.,秋田県
copula,m1dy Dynamic,992,HAYA,秋田県,1295,EULECA,秋田県,2194,Y.I.,秋田県
copula,La dolce primavera,569,WELCH,秋田県,1366,HARUNA,秋田県,2079,300036,秋田県
copula,Konzert V,1277,SIXA,秋田県,2178,CENT,秋田県,3110,EOTOKO,秋田県
copula,Journey,563,429,秋田県,1216,HARUNA,秋田県,1837,-GEAR-,秋田県
copula,Inner Spirit,660,ITK,秋田県,1718,KANI,秋田県,2701,Y.I.,秋田県
copula,Highcharge Divolt,809,HALOKA,秋田県,1668,Y.I.,秋田県,2620,TOROKU,秋田県
copula,Grand Chariot,1149,SIXA,秋田県,1853,GOMATA,秋田県,3141,EOTOKO,秋田県
copula,Godspeed,1057,SIXA,秋田県,1888,Y.I.,秋田県,2934,Y.I.,秋田県
copula,GOBBLE,491,K.AI,秋田県,695,HARUNA,秋田県,1600,300036,秋田県
copula,Go Faraway,1028,SIXA,秋田県,1500,AJI.,秋田県,2414,Y.I.,秋田県
copula,Glitch Nerds,711,A-NE,秋田県,1325,AZSA.M,秋田県,2106,EOTOKO,秋田県
copula,GET READY!!,997,ISSY.L,秋田県,1499,HARUNA,秋田県,2518,300036,秋田県
copula,GENERATE feat.綾倉盟,1124,SIXA,秋田県,1613,NAGIGI,秋田県,2298,AOTA,秋田県
copula,Exchange Place,764,K.AI,秋田県,1224,HARUNA,秋田県,1708,A-BE*Q,秋田県
copula,Everlasting Last,688,SORAJI,秋田県,1614,HARUNA,秋田県,2152,AOTA,秋田県
copula,Dynamite,1130,NYA.C,秋田県,2420,Y.I.,秋田県,3520,TOROKU,秋田県
copula,Dreamin Train,578,HAYA,秋田県,1050,TORU.K,秋田県,2214,TOROKU,秋田県
copula,Donkey Donk,1146,AKAMA,秋田県,1598,AKAMA,秋田県,2179,Y.I.,秋田県
copula,do the thing feat. Kanae Asaba,591,HAYA,秋田県,1416,HARUNA,秋田県,2189,EOTOKO,秋田県
copula,DIAMOND CROSSING,957,SIXA,秋田県,1688,GOMATA,秋田県,2760,EOTOKO,秋田県
copula,Devil's Gear,1066,SIXA,秋田県,2085,O-KUBO,秋田県,3249,TOROKU,秋田県
copula,Derelict Star feat. Ryu*,1394,KOB.CB,秋田県,1788,HARUNA,秋田県,2495,EOTOKO,秋田県
copula,Damage Per Second†,0,,未設定,0,,未設定,2193,A-BE*Q,秋田県
copula,Damage Per Second,851,HAYA,秋田県,1386,HARUNA,秋田県,1966,O-KUBO,秋田県
copula,Daily Lunch Special,1074,-GEAR-,秋田県,2102,KOB.CB,秋田県,2831,AOTA,秋田県
copula,CODE:1 [revision1.0.1],980,-GEAR-,秋田県,1679,HARUNA,秋田県,2946,TOROKU,秋田県
copula,chaos eater -IIDX edition-,939,IIDX25,秋田県,1614,AU-MIN,秋田県,2477,TOROKU,秋田県
copula,Central Station,1023,SIXA,秋田県,1494,HARUNA,秋田県,2247,O-KUBO,秋田県
copula,Blue Spring Express,1275,SIXA,秋田県,2018,TOROKU,秋田県,3146,TOROKU,秋田県
copula,Battle Train -IIDX Edition-,860,180106,秋田県,2485,TOROKU,秋田県,3088,AOTA,秋田県
copula,Aublia,972,SIXA,秋田県,1464,HARUNA,秋田県,2395,EOTOKO,秋田県
copula,Arcana,1191,SIXA,秋田県,1707,HARUNA,秋田県,2173,300036,秋田県
copula,AO-1,1246,HARUNA,秋田県,1885,TOROKU,秋田県,2640,TOROKU,秋田県
copula,Angelic Jelly,1113,AU-MIN,秋田県,1895,SAKU,秋田県,2578,OTONEC,秋田県
copula,Acid Pumper,661,HAYA,秋田県,1461,HARUNA,秋田県,2327,AOTA,秋田県
copula,199024club -Re:BounceKiller-,675,HARUNA,秋田県,1598,HARUNA,秋田県,2090,HARUNA,秋田県
SINOBUZ,鴉,1464,SIXA,秋田県,2193,TOROKU,秋田県,2597,TOROKU,秋田県
SINOBUZ,童話回廊,883,KOFJI,秋田県,1615,HARUNA,秋田県,2904,EOTOKO,秋田県
SINOBUZ,禍根,712,SHUN-X,秋田県,1337,TOROKU,秋田県,2498,AOTA,秋田県
SINOBUZ,獅子霞麗ノ舞,383,KOFJI,秋田県,952,KOFJI,秋田県,1658,-GEAR-,秋田県
SINOBUZ,焔極OVERKILL,1149,SIXA,秋田県,2084,Y.I.,秋田県,3240,TOROKU,秋田県
SINOBUZ,火影,700,-GEAR-,秋田県,1330,HAPICO,秋田県,2532,Y.I.,秋田県
SINOBUZ,津軽雪,1508,SIXA,秋田県,2164,TOROKU,秋田県,3603,TOROKU,秋田県
SINOBUZ,次葉 -turn the page-,834,SIXA,秋田県,1359,OXY-R,秋田県,1941,-GEAR-,秋田県
SINOBUZ,月雪に舞う華のように,669,NAGIGI,秋田県,1176,*M*,秋田県,2026,AOTA,秋田県
SINOBUZ,恋はどう？モロ◎波動OK☆方程式!!,939,DOYAKO,秋田県,1500,AKAMA,秋田県,2343,AOTA,秋田県
SINOBUZ,忍恋花,1009,SIXA,秋田県,1594,NYNTIK,秋田県,2155,TOROKU,秋田県
SINOBUZ,刃図羅,1137,*M*,秋田県,2002,GOMATA,秋田県,3180,TOROKU,秋田県
SINOBUZ,冬椿 ft. Kanae Asaba†,0,,未設定,0,,未設定,2916,TOROKU,秋田県
SINOBUZ,冬椿 ft. Kanae Asaba,947,SIXA,秋田県,1235,SIXA,秋田県,2214,Y.I.,秋田県
SINOBUZ,九尾狐夜行,830,HAYA,秋田県,1705,HARUNA,秋田県,2824,TOROKU,秋田県
SINOBUZ,ディッシュウォッシャー◎彡おいわちゃん,716,K.AI,秋田県,1317,KINOKO,秋田県,2367,-GEAR-,秋田県
SINOBUZ,イザナミノナゲキ,1190,SIXA,秋田県,1887,HARUNA,秋田県,3091,TOROKU,秋田県
SINOBUZ,ちらちら・はらはら,400,ZAPPER,秋田県,878,KOFJI,秋田県,1413,-GEAR-,秋田県
SINOBUZ,お命ちょうDAI！901娘,968,SIXA,秋田県,1504,CAMINO,秋田県,2249,-GEAR-,秋田県
SINOBUZ,〆,1274,SIXA,秋田県,2282,KOB.CB,秋田県,3433,Y.I.,秋田県
SINOBUZ,Yellow Sketch(RX-Ver.S.P.L.),667,SHUN-X,秋田県,1547,*M*,秋田県,2696,EOTOKO,秋田県
SINOBUZ,yamabiko (SINOBUZ Edition),795,KOFJI,秋田県,1492,KUWA,秋田県,2457,GOMATA,秋田県
SINOBUZ,XINOBIKILL,997,SIXA,秋田県,1654,NYA.C,秋田県,2701,EOTOKO,秋田県
SINOBUZ,Warrior,965,*M*,秋田県,1767,KOB.CB,秋田県,2352,EOTOKO,秋田県
SINOBUZ,Vermilion,844,SAKU,秋田県,1358,HARUNA,秋田県,1923,AOTA,秋田県
SINOBUZ,Venom,1158,SAKU,秋田県,2047,GOMATA,秋田県,3033,TOROKU,秋田県
SINOBUZ,Umbral,614,K.AI,秋田県,1352,K.AI,秋田県,1857,300036,秋田県
SINOBUZ,TOGAKUSHI,1018,SIXA,秋田県,1760,GALBO#,秋田県,2402,Y.I.,秋田県
SINOBUZ,The Commanders,869,KOFJI,秋田県,1444,AZSA.M,秋田県,2401,-GEAR-,秋田県
SINOBUZ,Sweet Clapper,430,TOMU.,秋田県,1206,SIXA,秋田県,1895,EOTOKO,秋田県
SINOBUZ,Surf on the Light,381,NAO,秋田県,1279,OMA,秋田県,2145,EOTOKO,秋田県
SINOBUZ,Super Rush,1032,SIXA,秋田県,1834,HARUNA,秋田県,3302,Y.I.,秋田県
SINOBUZ,Summerlights(IIDX Edition),1124,SIXA,秋田県,1704,HAPICO,秋田県,2886,Y.I.,秋田県
SINOBUZ,Summer,546,OINARI,秋田県,1343,KANI,秋田県,1899,O-KUBO,秋田県
SINOBUZ,Steel Edge,831,KOFJI,秋田県,1452,HAPICO,秋田県,3022,Y.I.,秋田県
SINOBUZ,Snakey Kung-fu,1107,SIXA,秋田県,2119,HARUNA,秋田県,3234,Y.I.,秋田県
SINOBUZ,Sky High,1147,SIXA,秋田県,2218,O-KUBO,秋田県,3614,Y.I.,秋田県
SINOBUZ,SINOBUZ Fantasy,1024,SIXA,秋田県,1605,EULECA,秋田県,2354,CRUISE,秋田県
SINOBUZ,shuriken,742,KOFJI,秋田県,1137,SIXA,秋田県,2416,GUNDAM,秋田県
SINOBUZ,Shoot'Em All,786,K.AI,秋田県,1357,AZSA.M,秋田県,2384,EOTOKO,秋田県
SINOBUZ,SEQUENCE CAT,1081,SIXA,秋田県,2109,GOMATA,秋田県,2723,EOTOKO,秋田県
SINOBUZ,Selfish Sweet,461,KEOGH,秋田県,926,AKAMA,秋田県,1638,POKEGO,秋田県
SINOBUZ,Seize the Day,766,SIXA,秋田県,1281,NYA.C,秋田県,2043,AOTA,秋田県
SINOBUZ,Seaside Labyrinth,526,IIDX25,秋田県,1227,AZSA.M,秋田県,1779,JK7KD4,秋田県
SINOBUZ,SCREAM THE LIFE FEAT.KYONO,610,ZUIH,秋田県,1500,AU-MIN,秋田県,2291,EOTOKO,秋田県
SINOBUZ,SAY BAY,751,KOFJI,秋田県,1387,HARUNA,秋田県,2571,Y.I.,秋田県
SINOBUZ,Sarutobi Champion is 拙者,929,KANI,秋田県,1369,NYNTIK,秋田県,2086,EOTOKO,秋田県
SINOBUZ,SAMURAI-Scramble,991,HARUNA,秋田県,1576,HARUNA,秋田県,2211,HARUNA,秋田県
SINOBUZ,ROTTERDAM SHOGUN,1043,KOFJI,秋田県,1741,HARUNA,秋田県,2485,GOMATA,秋田県
SINOBUZ,RISING FIRE HAWK,801,KOFJI,秋田県,1234,NORIKA,秋田県,2517,CRUISE,秋田県
SINOBUZ,Remedy feat. Kanae Asaba,846,KOFJI,秋田県,1539,CAMINO,秋田県,2133,EOTOKO,秋田県
SINOBUZ,Rave Cannon,1025,K.AI,秋田県,1687,HAPICO,秋田県,3131,Y.I.,秋田県
SINOBUZ,RAIN,1136,SIXA,秋田県,1736,HAPICO,秋田県,3128,TOROKU,秋田県
SINOBUZ,Quakes,976,YUTO,秋田県,1934,2*RAMI,秋田県,2980,TOROKU,秋田県
SINOBUZ,Piano Samurai,1065,SIXA,秋田県,1664,EULECA,秋田県,2363,CRUISE,秋田県
SINOBUZ,PAPAYAPA BASS,652,KOFJI,秋田県,1487,HARUNA,秋田県,2678,Y.I.,秋田県
SINOBUZ,OTENAMI Hurricane,1258,SIXA,秋田県,2020,HAPICO,秋田県,2924,B,秋田県
SINOBUZ,OOO,606,EULECA,秋田県,1369,AZSA.M,秋田県,2014,EOTOKO,秋田県
SINOBUZ,nostos,833,SETUNA,秋田県,1230,HARUNA,秋田県,2437,300036,秋田県
SINOBUZ,Music is The Answer,721,YUTO,秋田県,1338,NYA.C,秋田県,1831,AOTA,秋田県
SINOBUZ,Modular Technology,873,ZUIH,秋田県,1807,HARUNA,秋田県,2492,EOTOKO,秋田県
SINOBUZ,Mare Nectaris,1305,KINOKO,秋田県,2007,AOTA,秋田県,3469,TOROKU,秋田県
SINOBUZ,Magical,721,ABFRYA,秋田県,1166,AZSA.M,秋田県,1946,AOTA,秋田県
SINOBUZ,Macuilxochitl,1241,KOFJI,秋田県,2043,AZSA.M,秋田県,3155,EOTOKO,秋田県
SINOBUZ,Lost wing at.0,861,SAKU,秋田県,1349,HARUNA,秋田県,2307,300036,秋田県
SINOBUZ,INVISIBLE STRIX,1142,SIXA,秋田県,1981,KOB.CB,秋田県,2476,EOTOKO,秋田県
SINOBUZ,Honey Trap,751,KOFJI,秋田県,1525,KANI,秋田県,2379,Y.I.,秋田県
SINOBUZ,HAPPY★RUSH,775,K.AI,秋田県,1761,MGR*,秋田県,2716,300036,秋田県
SINOBUZ,HADES,939,AU-MIN,秋田県,1750,HAPICO,秋田県,2924,TOROKU,秋田県
SINOBUZ,GuNGNiR,1261,NYA.C,秋田県,2496,OTONEC,秋田県,3620,TOROKU,秋田県
SINOBUZ,Go Ahead!!,984,HARUNA,秋田県,1501,-GEAR-,秋田県,2553,TOROKU,秋田県
SINOBUZ,FUZIN RIZIN,1163,TORU.K,秋田県,1901,HAPICO,秋田県,3519,Y.I.,秋田県
SINOBUZ,elemental bender feat. Kanae Asaba,528,WELCH,秋田県,1029,KOFJI,秋田県,1577,EOTOKO,秋田県
SINOBUZ,Egret and Willow,974,180106,秋田県,1584,NYA.C,秋田県,2573,O-KUBO,秋田県
SINOBUZ,ECHIDNA,1228,SIXA,秋田県,1981,AJI.,秋田県,3107,TOROKU,秋田県
SINOBUZ,DORNWALD ～Junge～,1173,KOFJI,秋田県,2161,KOB.CB,秋田県,3426,Y.I.,秋田県
SINOBUZ,DISAPPEAR feat. koyomin,700,180106,秋田県,1448,*M*,秋田県,2737,Y.I.,秋田県
SINOBUZ,Cyber True Color,991,SIXA,秋田県,1585,HARUNA,秋田県,2217,TOROKU,秋田県
SINOBUZ,crew,613,DEF,秋田県,1693,HARUNA,秋田県,2820,AOTA,秋田県
SINOBUZ,Caterpillar,1193,K.AI,秋田県,2088,HARUNA,秋田県,2738,EOTOKO,秋田県
SINOBUZ,BroGamer,1358,SIXA,秋田県,2098,KOB.CB,秋田県,2953,O-KUBO,秋田県
SINOBUZ,Breakin' Chain,711,SIXA,秋田県,1295,SIXA,秋田県,2250,Y.I.,秋田県
SINOBUZ,BREAK OVER,722,KOFJI,秋田県,1451,AZSA.M,秋田県,2296,Y.I.,秋田県
SINOBUZ,Beyond The Seven,661,ALEPH,秋田県,1236,OGA8RA,秋田県,2586,EOTOKO,秋田県
SINOBUZ,Believe in you,1189,SIXA,秋田県,1860,KOB.CB,秋田県,2356,EOTOKO,秋田県
SINOBUZ,Beat Juggling Mix,994,K.AI,秋田県,1449,HARUNA,秋田県,2050,Y.I.,秋田県
SINOBUZ,Be A Star,966,SIXA,秋田県,1753,EULECA,秋田県,2738,Y.I.,秋田県
SINOBUZ,BabeL ～Grand Story～,1166,SIXA,秋田県,2077,TOROKU,秋田県,2641,AOTA,秋田県
SINOBUZ,AsiaN distractive,1120,ABFRYA,秋田県,1740,KOB.CB,秋田県,2460,GOMATA,秋田県
SINOBUZ,Around The Galaxy,963,ZOO,秋田県,1975,KANI,秋田県,3274,Y.I.,秋田県
SINOBUZ,Apocalypse,1128,K.AI,秋田県,2118,KOB.CB,秋田県,3406,AOTA,秋田県
SINOBUZ,AO-∞,1065,KOFJI,秋田県,1689,K.AI,秋田県,2619,TOROKU,秋田県
SINOBUZ,Amazing Mirage†,0,,未設定,0,,未設定,3056,TOROKU,秋田県
SINOBUZ,Amazing Mirage,837,RH,秋田県,1664,KANI,秋田県,2523,Y.I.,秋田県
SINOBUZ,Affection,530,90GNIZ,秋田県,1063,KOFJI,秋田県,2003,EOTOKO,秋田県
SINOBUZ,(This Is Not) The Angels,576,GOMATA,秋田県,1372,KOB.CB,秋田県,2590,Y.I.,秋田県
SINOBUZ,#MAGiCVLGiRL_TRVP_B3VTZ,1159,HARUNA,秋田県,1955,HARUNA,秋田県,3247,TOROKU,秋田県
SINOBUZ,!Viva!,867,KOFJI,秋田県,1513,AU-MIN,秋田県,1944,AOTA,秋田県
CANNON BALLERS,草原の王女-軌跡を辿って-,700,-GEAR-,秋田県,1225,-GEAR-,秋田県,2254,Y.I.,秋田県
CANNON BALLERS,純真可憐デザイア,835,KOB.CB,秋田県,1610,KOB.CB,秋田県,2279,KOB.CB,秋田県
CANNON BALLERS,神謳 -RESONANCE-,1394,KOB.CB,秋田県,2484,KOB.CB,秋田県,3851,TOROKU,秋田県
CANNON BALLERS,東京神話,1038,SIXA,秋田県,1728,TOROKU,秋田県,2678,TOROKU,秋田県
CANNON BALLERS,命の標本,737,KOB.CB,秋田県,1662,KOB.CB,秋田県,2581,TOROKU,秋田県
CANNON BALLERS,共犯へヴンズコード,508,-GEAR-,秋田県,1343,-GEAR-,秋田県,2197,AOTA,秋田県
CANNON BALLERS,ラストセンチュリーメランコリック,850,KOB.CB,秋田県,1594,KOB.CB,秋田県,2076,300036,秋田県
CANNON BALLERS,パラドキシカル・タイムリープトライアル(Short Ver.),1047,-GEAR-,秋田県,1876,KOB.CB,秋田県,2666,300036,秋田県
CANNON BALLERS,バスルーム ロマンス,976,-GEAR-,秋田県,1423,KOB.CB,秋田県,2340,TOROKU,秋田県
CANNON BALLERS,バ→ビ→ブ→Bomb!,828,-GEAR-,秋田県,1765,-GEAR-,秋田県,2443,EOTOKO,秋田県
CANNON BALLERS,ハイ*ビスカス ft. Kanae Asaba,869,-GEAR-,秋田県,1545,-GEAR-,秋田県,2378,300036,秋田県
CANNON BALLERS,ナイトシティー・アヴァンチュール,1037,KOB.CB,秋田県,1533,KOB.CB,秋田県,2052,KOB.CB,秋田県
CANNON BALLERS,シムルグの目醒め,1394,KOB.CB,秋田県,2286,-GEAR-,秋田県,3212,TOROKU,秋田県
CANNON BALLERS,エディブルフラワーの独白,814,-GEAR-,秋田県,1540,KOB.CB,秋田県,2178,300036,秋田県
CANNON BALLERS,うさ☆かめ 大戦争！,945,-GEAR-,秋田県,1599,KOB.CB,秋田県,2413,TOROKU,秋田県
CANNON BALLERS,Xperanza,1383,-GEAR-,秋田県,2355,AJI.,秋田県,2962,CRUISE,秋田県
CANNON BALLERS,VOX RUSH,1369,-GEAR-,秋田県,2225,POKEGO,秋田県,3140,B,秋田県
CANNON BALLERS,Usual Days-remix,1092,-GEAR-,秋田県,1443,KOB.CB,秋田県,2616,Y.I.,秋田県
CANNON BALLERS,UMMU,1232,SIXA,秋田県,2049,KOB.CB,秋田県,2854,Y.I.,秋田県
CANNON BALLERS,The Revolution (VIP Mix),785,KOB.CB,秋田県,1507,KOB.CB,秋田県,1808,EOTOKO,秋田県
CANNON BALLERS,The Chase,708,KOB.CB,秋田県,1328,KOB.CB,秋田県,1913,Y.I.,秋田県
CANNON BALLERS,THE CANNONBALLER,1514,KOB.CB,秋田県,2337,KOB.CB,秋田県,3282,TOROKU,秋田県
CANNON BALLERS,Temple of Anubis,1012,SIXA,秋田県,1492,-GEAR-,秋田県,2527,AOTA,秋田県
CANNON BALLERS,SUNLiGHT (IIDX Mix),1203,KOB.CB,秋田県,1768,KOB.CB,秋田県,2515,EOTOKO,秋田県
CANNON BALLERS,Static State,1063,KOB.CB,秋田県,1701,KOB.CB,秋田県,2242,TOROKU,秋田県
CANNON BALLERS,STARLIGHT JUNCTION,900,KOB.CB,秋田県,1584,KOB.CB,秋田県,2217,Y.I.,秋田県
CANNON BALLERS,SPEED DEMON,736,KOB.CB,秋田県,1415,KOB.CB,秋田県,2182,Y.I.,秋田県
CANNON BALLERS,SPEED,885,SIXA,秋田県,1595,KOB.CB,秋田県,2492,TOROKU,秋田県
CANNON BALLERS,"Son, not gabba now",874,KANI,秋田県,1565,KOB.CB,秋田県,2290,300036,秋田県
CANNON BALLERS,Slipstream,1072,KOB.CB,秋田県,2016,KOB.CB,秋田県,3285,TOROKU,秋田県
CANNON BALLERS,Sleepless days,506,KOB.CB,秋田県,909,KOB.CB,秋田県,1561,KOB.CB,秋田県
CANNON BALLERS,SHOX,853,KOB.CB,秋田県,1136,KOB.CB,秋田県,1662,Y.I.,秋田県
CANNON BALLERS,Rise Circuit,934,HAYA,秋田県,1510,HARUNA,秋田県,2190,300036,秋田県
CANNON BALLERS,REVOLVER,922,KOB.CB,秋田県,1605,KOB.CB,秋田県,2608,TOROKU,秋田県
CANNON BALLERS,Raspberry Railgun,1393,KOB.CB,秋田県,2204,KOB.CB,秋田県,3009,300036,秋田県
CANNON BALLERS,Rampage,1290,KOB.CB,秋田県,2441,KOB.CB,秋田県,3442,300036,秋田県
CANNON BALLERS,Persephone,1327,KOB.CB,秋田県,1924,-GEAR-,秋田県,2818,EOTOKO,秋田県
CANNON BALLERS,Papilio ulysses,1213,KOB.CB,秋田県,2041,KOB.CB,秋田県,2642,TOROKU,秋田県
CANNON BALLERS,Only for now,908,-GEAR-,秋田県,1554,-GEAR-,秋田県,2237,Y.I.,秋田県
CANNON BALLERS,O/D*20,1145,-GEAR-,秋田県,1657,POKEGO,秋田県,2095,Y.I.,秋田県
CANNON BALLERS,Nothing but Theory,1094,KOB.CB,秋田県,1587,KOB.CB,秋田県,2754,AOTA,秋田県
CANNON BALLERS,No Limit 2 dAnce feat. 大山愛未,969,KOB.CB,秋田県,1528,KOB.CB,秋田県,2253,300036,秋田県
CANNON BALLERS,NITROUS CANNON,1387,KOB.CB,秋田県,2001,KOB.CB,秋田県,3325,Y.I.,秋田県
CANNON BALLERS,n'pa pa BBQ,927,KOB.CB,秋田県,1732,KOB.CB,秋田県,2723,Y.I.,秋田県
CANNON BALLERS,Mira,943,SIXA,秋田県,1812,KOB.CB,秋田県,2968,TOROKU,秋田県
CANNON BALLERS,Midnight Lady,638,K.AI,秋田県,1167,K.AI,秋田県,1899,HARUNA,秋田県
CANNON BALLERS,MAXIVCORD,809,-GEAR-,秋田県,1424,KOB.CB,秋田県,2348,Y.I.,秋田県
CANNON BALLERS,LUV DRIVE,829,KOB.CB,秋田県,1338,KOB.CB,秋田県,2051,-GEAR-,秋田県
CANNON BALLERS,LIGHTS ft. EVO+,763,-GEAR-,秋田県,1427,KOB.CB,秋田県,2288,TOROKU,秋田県
CANNON BALLERS,"Life Is A Game ft.DD""ナカタ""Metal",1274,KOB.CB,秋田県,1900,KOB.CB,秋田県,3271,TOROKU,秋田県
CANNON BALLERS,Let's Bounce !!,724,KOB.CB,秋田県,1250,KOB.CB,秋田県,2118,EOTOKO,秋田県
CANNON BALLERS,Initiation,1479,-GEAR-,秋田県,2355,GOMATA,秋田県,3622,TOROKU,秋田県
CANNON BALLERS,Illusionary Waterlily,1308,KOB.CB,秋田県,2149,KOB.CB,秋田県,3309,TOROKU,秋田県
CANNON BALLERS,I'm Coming (2017 Version),641,AJI.,秋田県,1302,AJI.,秋田県,2030,300036,秋田県
CANNON BALLERS,I Love You,1069,-GEAR-,秋田県,1870,KOB.CB,秋田県,2603,300036,秋田県
CANNON BALLERS,HYPE THE CORE,1097,KOB.CB,秋田県,1909,AJI.,秋田県,2850,-GEAR-,秋田県
CANNON BALLERS,Hella Deep,642,K.AI,秋田県,1031,KOB.CB,秋田県,1726,Y.I.,秋田県
CANNON BALLERS,HAT TRICK,860,K.AI,秋田県,1407,KOB.CB,秋田県,2148,Y.I.,秋田県
CANNON BALLERS,Get Up! feat. Kanae Asaba,582,-GEAR-,秋田県,1205,KOB.CB,秋田県,1815,AJI.,秋田県
CANNON BALLERS,FUTURE is Dead,916,KOB.CB,秋田県,1426,KOB.CB,秋田県,2094,EOTOKO,秋田県
CANNON BALLERS,From Time To Time,788,KOB.CB,秋田県,1851,KOB.CB,秋田県,2397,EOTOKO,秋田県
CANNON BALLERS,FREEDOM,1000,KOB.CB,秋田県,1709,-GEAR-,秋田県,2781,Y.I.,秋田県
CANNON BALLERS,FIRE BALL,851,KANI,秋田県,1576,KOB.CB,秋田県,2375,TOROKU,秋田県
CANNON BALLERS,Fervidex,857,SIXA,秋田県,1794,KOB.CB,秋田県,2624,TOROKU,秋田県
CANNON BALLERS,Expanded !!,671,AZSA.M,秋田県,1526,KOB.CB,秋田県,2584,Y.I.,秋田県
CANNON BALLERS,Exhaust Hype,1030,-GEAR-,秋田県,1920,-GEAR-,秋田県,2670,AOTA,秋田県
CANNON BALLERS,encounter,970,KOB.CB,秋田県,1732,KOB.CB,秋田県,3089,TOROKU,秋田県
CANNON BALLERS,EMERALDAS,1336,K.AI,秋田県,2259,GOMATA,秋田県,3275,TOROKU,秋田県
CANNON BALLERS,Eine Haube ～聖地の果てにあるもの～,973,KOB.CB,秋田県,1409,KOB.CB,秋田県,2472,TOROKU,秋田県
CANNON BALLERS,DropZ-Line-,1333,KOB.CB,秋田県,2031,KOB.CB,秋田県,2979,TOROKU,秋田県
CANNON BALLERS,DEATH†ZIGOQ ～怒りの高速爆走野郎～,1387,KOB.CB,秋田県,2350,HARUNA,秋田県,3786,TOROKU,秋田県
CANNON BALLERS,DEADHEAT,1187,KOB.CB,秋田県,1957,TOROKU,秋田県,3123,TOROKU,秋田県
CANNON BALLERS,COSMIC☆WONDER☆REVOLUTION,777,-GEAR-,秋田県,1411,-GEAR-,秋田県,2058,AOTA,秋田県
CANNON BALLERS,City Never Sleeps (IIDX Edition),1292,KOB.CB,秋田県,1810,HARUNA,秋田県,2573,Y.I.,秋田県
CANNON BALLERS,Chemical Cookie,834,KOB.CB,秋田県,1444,KOB.CB,秋田県,2056,300036,秋田県
CANNON BALLERS,ChaserXX,1073,-GEAR-,秋田県,1831,-GEAR-,秋田県,2659,AOTA,秋田県
CANNON BALLERS,Break Stasis,1311,SIXA,秋田県,1853,KOB.CB,秋田県,2462,Y.I.,秋田県
CANNON BALLERS,Boomy and The Boost,1046,SIXA,秋田県,2022,Y.I.,秋田県,3304,TOROKU,秋田県
CANNON BALLERS,Best of Me,813,KOB.CB,秋田県,1552,KOB.CB,秋田県,2145,300036,秋田県
CANNON BALLERS,Beast mode,1057,KOB.CB,秋田県,1516,HARUNA,秋田県,2609,300036,秋田県
CANNON BALLERS,Be a Hero!,784,KOB.CB,秋田県,1914,KOB.CB,秋田県,2942,AOTA,秋田県
CANNON BALLERS,Battleground,1165,-GEAR-,秋田県,1851,-GEAR-,秋田県,2576,Y.I.,秋田県
CANNON BALLERS,Back Spin Sweeper,853,K.AI,秋田県,1370,Y.I.,秋田県,2127,AOTA,秋田県
CANNON BALLERS,Around the Future,1098,KOB.CB,秋田県,1701,KOB.CB,秋田県,2464,TOROKU,秋田県
CANNON BALLERS,Arca,921,-GEAR-,秋田県,1843,KOB.CB,秋田県,2947,Y.I.,秋田県
CANNON BALLERS,Antigravity,1044,-GEAR-,秋田県,1929,-GEAR-,秋田県,2854,TOROKU,秋田県
CANNON BALLERS,ANCHOR,1339,-GEAR-,秋田県,2439,-GEAR-,秋田県,3360,TOROKU,秋田県
CANNON BALLERS,ANAGMA,1028,KOB.CB,秋田県,1762,HARUNA,秋田県,2543,TOROKU,秋田県
CANNON BALLERS,Amor De Verao,800,K.AI,秋田県,1410,-GEAR-,秋田県,2250,Y.I.,秋田県
CANNON BALLERS,Alpheratz,434,KOB.CB,秋田県,1030,KOB.CB,秋田県,2037,TOROKU,秋田県
CANNON BALLERS,Acidiva 303,805,KOB.CB,秋田県,1357,KOB.CB,秋田県,2238,300036,秋田県
CANNON BALLERS,ACCELERATE,1180,-GEAR-,秋田県,1718,300036,秋田県,2455,Y.I.,秋田県
CANNON BALLERS,Abraxas,798,AJI.,秋田県,1619,AJI.,秋田県,2300,300036,秋田県
CANNON BALLERS,AA -rebuild-,1263,KOB.CB,秋田県,2392,TOROKU,秋田県,3428,TOROKU,秋田県
CANNON BALLERS,255,926,KOB.CB,秋田県,1592,KOB.CB,秋田県,3082,Y.I.,秋田県
CANNON BALLERS,2 Player,983,KOB.CB,秋田県,1558,KOB.CB,秋田県,2414,TOROKU,秋田県
CANNON BALLERS,1001 -ESCAPE-,1037,KOB.CB,秋田県,1694,KOB.CB,秋田県,2535,AOTA,秋田県